count,count1,count2,model data,model_probability
1682,1600,82,2,0.0487514863258
1842,1623,219,2,0.118892508143
1615,1588,27,1,0.983281733746
1697,1600,97,1,0.942840306423
1697,1575,122,1,0.928108426635
1718,1588,130,2,0.0756693830035
932,30,902,2,0.967811158798
1157,486,671,2,0.579948141746
1689,1622,67,2,0.0396684428656
769,48,721,2,0.937581274382
1556,1546,10,1,0.993573264781
1556,1490,66,1,0.957583547558
970,176,794,2,0.818556701031
964,107,857,2,0.889004149378
1759,1588,171,1,0.902785673678
1813,1585,228,1,0.874241588527
888,38,850,2,0.957207207207
1006,232,774,2,0.769383697813
1793,1701,92,2,0.0513106525376
1566,1511,55,1,0.964878671775
1703,1587,116,1,0.931884908984
1086,227,859,2,0.790976058932
1655,1614,41,1,0.975226586103
1662,1570,92,1,0.944645006017
1692,1689,3,2,0.00177304964539
985,133,852,2,0.864974619289
846,0,846,2,1.0
1017,120,897,2,0.882005899705
1560,1526,34,1,0.978205128205
1166,367,799,2,0.685248713551
992,127,865,2,0.871975806452
840,8,832,2,0.990476190476
922,32,890,2,0.965292841649
1548,1545,3,1,0.998062015504
1726,1552,174,1,0.899188876014
1563,1563,0,1,1.0
1610,1608,2,2,0.00124223602484
1677,1611,66,1,0.960644007156
870,70,800,2,0.919540229885
1681,1568,113,1,0.932778108269
923,89,834,2,0.903575297941
809,105,704,2,0.87021013597
1620,1543,77,1,0.952469135802
1639,1547,92,1,0.943868212325
829,6,823,2,0.992762364294
1632,1503,129,1,0.920955882353
1676,1583,93,1,0.944510739857
835,0,835,2,1.0
1636,1543,93,1,0.94315403423
923,33,890,2,0.964247020585
816,0,816,2,1.0
1317,533,784,2,0.595292331055
1598,1524,74,1,0.953692115144
846,16,830,2,0.981087470449
1321,565,756,2,0.572293716881
1728,1558,170,2,0.0983796296296
1689,1647,42,1,0.97513321492
1511,1017,494,2,0.326935804103
1726,1555,171,1,0.900926998841
1580,1556,24,2,0.0151898734177
938,1,937,2,0.998933901919
1367,536,831,2,0.60790051207
1654,1418,236,2,0.142684401451
1608,1560,48,2,0.0298507462687
1750,1252,498,2,0.284571428571
876,0,876,2,1.0
1596,1546,50,1,0.968671679198
950,15,935,2,0.984210526316
1666,1552,114,1,0.931572629052
1777,1620,157,1,0.91164884637
1712,1581,131,1,0.923481308411
1543,1522,21,1,0.98639014906
974,60,914,2,0.93839835729
1487,1304,183,2,0.123066577001
1642,1595,47,1,0.97137637028
1587,1572,15,1,0.990548204159
1475,1475,0,1,1.0
1003,172,831,2,0.82851445663
1721,1545,176,1,0.897733875654
1679,1507,172,1,0.89755807028
1713,1489,224,1,0.869235259778
1069,351,718,2,0.67165575304
1533,1522,11,1,0.992824527071
1662,1541,121,1,0.927196149218
1607,1580,27,2,0.0168014934661
1551,1218,333,2,0.214700193424
1578,1578,0,1,1.0
850,1,849,2,0.998823529412
1586,1538,48,1,0.96973518285
905,8,897,2,0.991160220994
901,9,892,2,0.990011098779
1629,1552,77,1,0.952731737262
1606,1571,35,1,0.978206724782
950,30,920,2,0.968421052632
1709,1600,109,1,0.936220011703
1735,1646,89,1,0.948703170029
938,116,822,2,0.876332622601
1718,1601,117,2,0.0681024447031
899,5,894,2,0.994438264739
1615,1471,144,2,0.0891640866873
1502,1502,0,1,1.0
1801,1646,155,2,0.0860632981677
1607,1596,11,2,0.00684505289359
1600,1544,56,1,0.965
1733,1584,149,2,0.0859780727063
768,12,756,2,0.984375
1521,1495,26,1,0.982905982906
1680,1608,72,1,0.957142857143
1534,1522,12,1,0.992177314211
1750,1367,383,2,0.218857142857
1684,1630,54,1,0.967933491686
885,48,837,2,0.945762711864
957,93,864,2,0.902821316614
767,12,755,2,0.984354628422
1500,1488,12,1,0.992
1645,1569,76,1,0.953799392097
1602,1556,46,1,0.971285892634
1679,1511,168,1,0.899940440739
940,241,699,2,0.743617021277
1546,1526,20,1,0.987063389392
1684,1609,75,1,0.955463182898
1697,1581,116,1,0.931644077784
1800,1584,216,2,0.12
1679,1679,0,2,0.0
1662,1614,48,1,0.971119133574
1597,1512,85,1,0.946775203507
843,81,762,2,0.903914590747
1664,1658,6,2,0.00360576923077
789,2,787,2,0.997465145754
1742,1742,0,2,0.0
1778,1778,0,2,0.0
1666,1039,627,2,0.376350540216
893,15,878,2,0.98320268757
1651,1296,355,2,0.215021199273
1442,990,452,2,0.313453536755
1551,1508,43,1,0.972275950999
1771,1567,204,1,0.884810841333
872,1,871,2,0.998853211009
1693,1573,120,1,0.929119905493
849,39,810,2,0.95406360424
1722,1571,151,1,0.91231126597
999,120,879,2,0.87987987988
1739,1555,184,1,0.894192064405
1807,1583,224,1,0.876037631433
1632,1569,63,1,0.961397058824
859,19,840,2,0.977881257276
963,101,862,2,0.895119418484
1603,1555,48,1,0.970056144729
1636,1577,59,1,0.963936430318
948,20,928,2,0.978902953586
1598,1579,19,1,0.988110137672
1609,1557,52,1,0.967681789932
750,1,749,2,0.998666666667
860,2,858,2,0.997674418605
1713,1360,353,2,0.206071220082
1584,1557,27,1,0.982954545455
880,175,705,2,0.801136363636
1644,1518,126,1,0.923357664234
955,46,909,2,0.951832460733
1676,1548,128,1,0.923627684964
1544,1543,1,1,0.999352331606
990,140,850,2,0.858585858586
1681,1603,78,1,0.953599048186
1588,1555,33,1,0.979219143577
1562,1481,81,1,0.94814340589
1738,1738,0,2,0.0
1497,1491,6,1,0.995991983968
1645,1538,107,1,0.934954407295
1584,1564,20,1,0.987373737374
1640,1612,28,1,0.982926829268
1627,1566,61,1,0.962507682852
1601,1531,70,1,0.956277326671
1545,1523,22,1,0.985760517799
1525,1385,140,2,0.0918032786885
1699,1546,153,1,0.909947027663
1435,1078,357,2,0.248780487805
1720,1576,144,2,0.0837209302326
905,129,776,2,0.857458563536
1597,1594,3,1,0.998121477771
890,3,887,2,0.996629213483
887,0,887,2,1.0
1598,1577,21,1,0.986858573217
1626,1558,68,1,0.958179581796
858,7,851,2,0.991841491841
1725,1544,181,2,0.104927536232
1576,1534,42,1,0.973350253807
892,1,891,2,0.998878923767
1723,1624,99,1,0.942542077771
1201,651,550,2,0.457951706911
1664,1559,105,1,0.936899038462
1690,1567,123,1,0.927218934911
1567,1508,59,1,0.962348436503
1546,1546,0,1,1.0
1683,1658,25,2,0.0148544266191
1583,1464,119,1,0.924826279217
1815,1620,195,1,0.892561983471
1545,1538,7,1,0.995469255663
1636,1583,53,1,0.96760391198
1646,1076,570,2,0.346294046173
1578,1521,57,1,0.963878326996
801,1,800,2,0.998751560549
1328,530,798,2,0.600903614458
946,102,844,2,0.892177589852
1567,1503,64,1,0.959157626037
1671,1539,132,1,0.921005385996
874,60,814,2,0.931350114416
1672,1580,92,1,0.944976076555
1682,1591,91,1,0.945897740785
1667,1555,112,1,0.932813437313
1307,857,450,2,0.344299923489
849,2,847,2,0.997644287397
1540,1512,28,1,0.981818181818
882,1,881,2,0.998866213152
1222,356,866,2,0.708674304419
1851,1851,0,2,0.0
1646,1586,60,1,0.96354799514
1714,1577,137,1,0.920070011669
1617,1568,49,1,0.969696969697
1648,1568,80,1,0.95145631068
1620,1051,569,2,0.351234567901
1644,1570,74,1,0.95498783455
840,21,819,2,0.975
1631,1493,138,1,0.915389331698
1934,1603,331,1,0.828852119959
1506,1494,12,1,0.99203187251
1637,1565,72,1,0.956017104459
797,0,797,2,1.0
1329,928,401,2,0.30173062453
754,19,735,2,0.974801061008
1391,927,464,2,0.333572969087
830,0,830,2,1.0
1828,1654,174,1,0.904814004376
1570,1510,60,1,0.96178343949
1806,1552,254,2,0.140642303433
1752,1340,412,2,0.235159817352
914,138,776,2,0.849015317287
1674,1674,0,2,0.0
1711,1689,22,2,0.0128579777908
900,22,878,2,0.975555555556
1550,1531,19,1,0.987741935484
1713,1622,91,1,0.946876824285
1624,1591,33,1,0.979679802956
1597,1520,77,1,0.951784596118
976,103,873,2,0.894467213115
1684,1650,34,2,0.020190023753
1532,1532,0,2,0.0
848,2,846,2,0.997641509434
1679,1536,143,1,0.914830256105
1581,1507,74,1,0.953194180898
1584,1513,71,1,0.955176767677
859,0,859,2,1.0
1792,1612,180,1,0.899553571429
902,39,863,2,0.956762749446
1605,1546,59,1,0.963239875389
1681,1630,51,1,0.969660916121
816,53,763,2,0.935049019608
830,5,825,2,0.993975903614
1648,1587,61,1,0.962985436893
969,238,731,2,0.754385964912
1610,1531,79,1,0.950931677019
1751,1684,67,2,0.038263849229
1605,1521,84,1,0.947663551402
897,4,893,2,0.995540691193
1738,1571,167,1,0.903912543153
1645,1422,223,2,0.13556231003
1090,457,633,2,0.580733944954
1718,1612,106,1,0.938300349243
1126,579,547,2,0.485790408526
1658,1601,57,1,0.965621230398
1576,1576,0,1,1.0
1650,1602,48,1,0.970909090909
1736,1629,107,1,0.9383640553
847,49,798,2,0.942148760331
1718,1612,106,1,0.938300349243
1609,1511,98,1,0.939092604102
1598,1568,30,1,0.981226533166
1754,1488,266,2,0.15165336374
817,0,817,2,1.0
963,146,817,2,0.848390446521
1841,1568,273,2,0.148288973384
1495,1479,16,1,0.989297658863
1621,1566,55,1,0.966070326959
797,1,796,2,0.998745294856
1597,1542,55,1,0.965560425798
848,4,844,2,0.995283018868
1646,1646,0,2,0.0
863,2,861,2,0.997682502897
798,91,707,2,0.885964912281
873,0,873,2,1.0
1094,55,1039,2,0.949725776965
1702,1602,100,1,0.94124559342
1595,1540,55,1,0.965517241379
1595,1595,0,1,1.0
886,0,886,2,1.0
1711,1615,96,1,0.943892460549
1643,1569,74,2,0.0450395617772
1131,375,756,2,0.668435013263
1573,1530,43,1,0.972663699936
1589,1098,491,2,0.308999370673
1733,1733,0,2,0.0
1616,1542,74,1,0.954207920792
1642,1595,47,1,0.97137637028
801,0,801,2,1.0
1662,1558,104,1,0.93742478941
813,0,813,2,1.0
1768,1562,206,1,0.883484162896
1676,1569,107,1,0.9361575179
1522,1517,5,1,0.996714848883
1604,1567,37,1,0.976932668329
1683,1631,52,1,0.969102792632
1512,1484,28,1,0.981481481481
1595,1539,56,1,0.964890282132
1724,1576,148,1,0.914153132251
1665,1588,77,1,0.953753753754
1205,507,698,2,0.579253112033
1553,1516,37,1,0.976175144881
1655,1635,20,2,0.012084592145
1581,1481,100,1,0.936748893106
912,23,889,2,0.974780701754
1817,1614,203,1,0.888277380297
1705,1554,151,1,0.911436950147
1575,1575,0,2,0.0
882,35,847,2,0.960317460317
871,0,871,2,1.0
1624,1583,41,1,0.974753694581
912,0,912,2,1.0
815,13,802,2,0.984049079755
1757,1595,162,1,0.907797381901
1177,430,747,2,0.63466440102
1644,1640,4,1,0.997566909976
1658,1624,34,2,0.0205066344994
1660,1581,79,1,0.952409638554
1561,1511,50,1,0.96796925048
1827,1514,313,2,0.171319102354
831,23,808,2,0.972322503008
1649,1557,92,1,0.94420861128
1657,1582,75,1,0.954737477369
792,4,788,2,0.994949494949
1566,1534,32,1,0.979565772669
1576,1576,0,1,1.0
1715,1557,158,1,0.907871720117
1639,1581,58,1,0.964612568639
829,5,824,2,0.993968636912
1681,1624,57,1,0.966091612136
853,10,843,2,0.988276670574
826,14,812,2,0.983050847458
1604,1559,45,1,0.971945137157
1668,1029,639,2,0.38309352518
1024,312,712,2,0.6953125
880,1,879,2,0.998863636364
1598,1590,8,1,0.994993742178
1683,1633,50,1,0.970291146762
1725,1529,196,1,0.886376811594
883,17,866,2,0.980747451869
1647,1513,134,2,0.0813600485732
1650,1615,35,1,0.978787878788
1564,1559,5,1,0.996803069054
984,136,848,2,0.861788617886
1586,1586,0,1,1.0
1592,1501,91,1,0.94283919598
1527,1508,19,1,0.987557301899
1601,1537,64,1,0.960024984385
1662,1577,85,1,0.948856799037
1810,1619,191,1,0.894475138122
1094,363,731,2,0.668190127971
1681,1533,148,1,0.911957168352
1488,1479,9,1,0.993951612903
920,40,880,2,0.95652173913
1569,1551,18,1,0.988527724665
1682,1522,160,2,0.0951248513674
827,102,725,2,0.876662636034
1544,1503,41,1,0.973445595855
1670,1526,144,1,0.91377245509
967,195,772,2,0.798345398139
1639,1526,113,2,0.0689444783405
1664,1606,58,1,0.965144230769
1179,609,570,2,0.483460559796
1552,1552,0,1,1.0
1775,1596,179,1,0.899154929577
1213,532,681,2,0.56141797197
1551,1551,0,1,1.0
1581,1564,17,1,0.989247311828
793,38,755,2,0.952080706179
1639,1593,46,1,0.971934106162
1683,1604,79,1,0.953060011884
1561,1548,13,1,0.991672005125
903,107,796,2,0.881506090808
919,0,919,2,1.0
1569,1547,22,1,0.985978330147
1655,1579,76,2,0.0459214501511
1498,1487,11,1,0.992656875834
1756,1486,270,2,0.153758542141
898,30,868,2,0.966592427617
1619,1579,40,1,0.975293390982
840,0,840,2,1.0
764,1,763,2,0.998691099476
1654,1557,97,1,0.941354292624
1713,1575,138,2,0.0805604203152
1832,1581,251,2,0.137008733624
1596,1553,43,1,0.97305764411
1104,336,768,2,0.695652173913
1763,1558,205,2,0.116279069767
1844,1645,199,1,0.892082429501
844,4,840,2,0.995260663507
1594,1573,21,1,0.986825595985
941,166,775,2,0.823591923486
1608,1571,37,1,0.976990049751
1577,1526,51,1,0.967660114141
1570,1523,47,1,0.970063694268
885,13,872,2,0.985310734463
1595,1547,48,1,0.969905956113
1594,1546,48,1,0.969887076537
1716,1670,46,2,0.0268065268065
1655,1560,95,1,0.942598187311
1681,1588,93,1,0.944675788221
1304,875,429,2,0.328987730061
849,0,849,2,1.0
1623,1539,84,1,0.948243992606
991,50,941,2,0.949545913219
855,0,855,2,1.0
1512,1490,22,1,0.98544973545
825,0,825,2,1.0
1582,1523,59,1,0.962705436157
1574,1574,0,1,1.0
1246,446,800,2,0.642054574639
1684,1545,139,2,0.082541567696
1528,1528,0,2,0.0
1700,1581,119,1,0.93
961,14,947,2,0.985431841831
939,265,674,2,0.717784877529
1602,1602,0,1,1.0
1646,1579,67,1,0.959295261239
1614,1351,263,2,0.162949194548
1549,1523,26,1,0.983214977405
1673,1577,96,1,0.942618051405
1103,226,877,2,0.795104261106
1656,1610,46,1,0.972222222222
1746,1575,171,1,0.90206185567
1747,1579,168,1,0.903835145965
1660,1563,97,1,0.94156626506
1591,1513,78,1,0.950974230044
1759,1616,143,1,0.918703808982
1637,1543,94,1,0.942577886378
1671,1551,120,1,0.928186714542
1747,1747,0,2,0.0
1711,1556,155,1,0.909409701929
1589,1522,67,1,0.957835116425
1740,1613,127,1,0.927011494253
1641,1625,16,1,0.990249847654
859,25,834,2,0.970896391153
1649,1632,17,2,0.0103092783505
1076,320,756,2,0.702602230483
1664,1295,369,2,0.221754807692
1016,120,896,2,0.88188976378
1025,103,922,2,0.899512195122
1670,1480,190,2,0.11377245509
1585,1510,75,1,0.952681388013
1714,1617,97,2,0.0565927654609
1785,1618,167,1,0.906442577031
1679,1656,23,1,0.986301369863
763,0,763,2,1.0
1716,1586,130,1,0.924242424242
1860,1321,539,2,0.289784946237
1589,1528,61,1,0.961611076149
1789,1789,0,2,0.0
1905,1619,286,2,0.150131233596
1640,1584,56,1,0.965853658537
766,0,766,2,1.0
762,0,762,2,1.0
1728,1586,142,1,0.917824074074
1615,1562,53,1,0.967182662539
1082,346,736,2,0.68022181146
1580,1580,0,1,1.0
1749,1749,0,2,0.0
695,0,695,2,1.0
1562,1554,8,1,0.994878361076
1600,1541,59,1,0.963125
1718,1553,165,1,0.903958090803
1603,1567,36,2,0.0224578914535
1662,1605,57,1,0.965703971119
861,74,787,2,0.914053426249
897,28,869,2,0.96878483835
878,31,847,2,0.964692482916
1133,444,689,2,0.608120035305
872,61,811,2,0.93004587156
1782,1633,149,1,0.916386083053
1537,1507,30,1,0.980481457385
1609,1574,35,1,0.978247358608
1598,1573,25,1,0.984355444305
834,35,799,2,0.958033573141
968,128,840,2,0.867768595041
1676,1404,272,2,0.162291169451
1536,1536,0,1,1.0
854,3,851,2,0.996487119438
1597,1566,31,2,0.0194113963682
993,196,797,2,0.802618328298
1745,1597,148,1,0.915186246418
1604,1496,108,2,0.0673316708229
927,1,926,2,0.998921251348
1718,1560,158,1,0.908032596042
970,1,969,2,0.998969072165
1732,1655,77,1,0.955542725173
1023,412,611,2,0.597262952102
1784,1784,0,2,0.0
829,1,828,2,0.998793727382
1578,1424,154,2,0.0975918884664
985,75,910,2,0.92385786802
1647,1201,446,2,0.270795385549
1658,1567,91,1,0.945114595899
1654,1602,52,1,0.968561064087
1563,1558,5,1,0.996801023672
1561,1559,2,1,0.998718770019
980,85,895,2,0.913265306122
1729,1383,346,2,0.2001156738
1703,1541,162,2,0.095126247798
955,1,954,2,0.998952879581
1694,1583,111,2,0.0655253837072
1747,1594,153,1,0.912421293646
1608,1562,46,1,0.971393034826
1612,1567,45,1,0.972084367246
874,15,859,2,0.982837528604
1557,1253,304,2,0.195247270392
1581,1576,5,1,0.996837444655
1149,608,541,2,0.470844212359
841,13,828,2,0.984542211653
1808,1623,185,1,0.89767699115
1579,1564,15,1,0.990500316656
1631,1598,33,1,0.979767014102
1057,391,666,2,0.630085146641
1621,1512,109,1,0.932757557064
856,75,781,2,0.91238317757
1856,1643,213,2,0.114762931034
1655,1544,111,2,0.0670694864048
923,4,919,2,0.995666305525
1437,921,516,2,0.359081419624
1662,1662,0,2,0.0
1709,1562,147,1,0.913984786425
1691,1615,76,1,0.955056179775
823,1,822,2,0.998784933171
1729,1606,123,1,0.928860613071
1713,1589,124,1,0.927612375949
1755,1623,132,1,0.924786324786
1687,1368,319,2,0.189093064612
810,0,810,2,1.0
1553,1549,4,1,0.997424339987
1607,1435,172,2,0.107031736154
935,39,896,2,0.958288770053
1637,1531,106,1,0.935247403787
1672,1600,72,1,0.956937799043
832,24,808,2,0.971153846154
1677,1600,77,1,0.954084675015
1684,1684,0,2,0.0
977,206,771,2,0.789150460594
820,0,820,2,1.0
1759,1579,180,2,0.102330869812
1550,1538,12,1,0.992258064516
1592,1557,35,1,0.978015075377
1736,1606,130,2,0.0748847926267
1631,1548,83,1,0.949110974862
940,184,756,2,0.804255319149
1673,1539,134,1,0.919904363419
1592,1192,400,2,0.251256281407
890,19,871,2,0.978651685393
804,0,804,2,1.0
925,152,773,2,0.835675675676
1589,1558,31,1,0.980490874764
941,1,940,2,0.998937300744
1558,1486,72,1,0.95378690629
1550,1550,0,2,0.0
1680,1555,125,1,0.925595238095
1688,1557,131,1,0.922393364929
1588,1413,175,2,0.110201511335
1557,1495,62,1,0.960179833012
1619,1512,107,1,0.933909820877
1665,1549,116,1,0.93033033033
1481,1453,28,1,0.981093855503
1571,1545,26,1,0.983450031827
1590,1540,50,1,0.968553459119
836,0,836,2,1.0
1656,1638,18,1,0.989130434783
788,1,787,2,0.998730964467
1630,1560,70,1,0.957055214724
1517,1502,15,1,0.990112063283
1573,1540,33,1,0.979020979021
1683,1604,79,1,0.953060011884
881,14,867,2,0.984108967083
1733,1630,103,2,0.0594345066359
1683,1563,120,1,0.928698752228
895,1,894,2,0.998882681564
1580,1544,36,1,0.977215189873
952,90,862,2,0.905462184874
1698,1698,0,2,0.0
1682,1544,138,1,0.917954815696
1633,1574,59,1,0.963870177587
844,0,844,2,1.0
1610,1559,51,1,0.968322981366
1737,1622,115,2,0.0662061024755
1612,1571,41,1,0.974565756824
833,0,833,2,1.0
889,1,888,2,0.998875140607
1703,1576,127,1,0.925425719319
894,14,880,2,0.984340044743
919,8,911,2,0.991294885745
1588,1578,10,1,0.993702770781
1729,1552,177,2,0.102371312898
1689,1582,107,1,0.936648904677
1321,682,639,2,0.483724451173
1567,1501,66,1,0.957881301851
944,186,758,2,0.802966101695
852,16,836,2,0.981220657277
1696,1621,75,2,0.0442216981132
1751,1608,143,1,0.918332381496
1804,1804,0,2,0.0
1554,1525,29,1,0.981338481338
1478,764,714,2,0.483085250338
1571,875,696,2,0.44302991725
1619,1555,64,1,0.960469425571
1762,1596,166,1,0.905788876277
927,179,748,2,0.80690399137
1775,1186,589,2,0.331830985915
871,1,870,2,0.998851894374
1716,1621,95,1,0.944638694639
1718,1573,145,1,0.915599534342
1589,1544,45,1,0.971680302077
1607,1576,31,1,0.980709396391
1683,1588,95,1,0.943553178847
1625,1615,10,1,0.993846153846
1608,1560,48,1,0.970149253731
1601,1524,77,1,0.951905059338
830,0,830,2,1.0
1559,1379,180,2,0.115458627325
837,27,810,2,0.967741935484
914,0,914,2,1.0
1617,1604,13,2,0.00803957946815
1025,194,831,2,0.810731707317
1747,1537,210,1,0.879793932456
1634,1570,64,1,0.960832313341
1743,1686,57,1,0.967297762478
1685,1073,612,2,0.363204747774
1615,1558,57,1,0.964705882353
740,0,740,2,1.0
878,0,878,2,1.0
1647,1538,109,2,0.0661809350334
796,1,795,2,0.998743718593
1624,1574,50,1,0.96921182266
909,42,867,2,0.953795379538
1662,1584,78,1,0.953068592058
1543,1533,10,1,0.9935191186
959,0,959,2,1.0
759,0,759,2,1.0
991,213,778,2,0.785065590313
1700,1479,221,2,0.13
1691,1555,136,1,0.91957421644
1610,1526,84,1,0.947826086957
1601,1579,22,1,0.986258588382
853,3,850,2,0.996483001172
884,90,794,2,0.898190045249
1599,1517,82,2,0.0512820512821
1662,1619,43,1,0.97412755716
1699,1598,101,1,0.940553266627
845,0,845,2,1.0
1616,1560,56,2,0.0346534653465
896,0,896,2,1.0
1254,586,668,2,0.532695374801
1693,1556,137,2,0.0809214412286
1610,1514,96,1,0.940372670807
1578,1578,0,1,1.0
1660,1600,60,1,0.963855421687
1890,1637,253,1,0.866137566138
1712,1625,87,1,0.949182242991
996,23,973,2,0.976907630522
1637,1505,132,2,0.0806353084911
1577,1558,19,1,0.987951807229
886,0,886,2,1.0
1658,1573,85,1,0.948733413752
1600,1511,89,1,0.944375
988,32,956,2,0.967611336032
1562,1469,93,1,0.940460947503
790,2,788,2,0.99746835443
1631,1608,23,1,0.98589822195
1726,1567,159,1,0.907879490151
1623,1606,17,2,0.0104744300678
1253,622,631,2,0.503591380686
1291,700,591,2,0.457784663052
1586,1566,20,1,0.987389659521
1572,1507,65,1,0.958651399491
1601,1511,90,1,0.943785134291
1587,1583,4,1,0.997479521109
1648,1643,5,2,0.00303398058252
1602,1583,19,1,0.988139825218
1768,1620,148,1,0.91628959276
891,8,883,2,0.991021324355
1776,1530,246,2,0.138513513514
1550,1540,10,1,0.993548387097
1620,1610,10,2,0.00617283950617
1781,1781,0,2,0.0
1744,1636,108,1,0.938073394495
1694,1617,77,2,0.0454545454545
1633,1569,64,1,0.96080832823
1758,1419,339,2,0.192832764505
955,17,938,2,0.98219895288
1620,1593,27,1,0.983333333333
1642,1559,83,1,0.949451887942
1605,1515,90,1,0.943925233645
1558,1555,3,1,0.998074454429
1764,1592,172,1,0.902494331066
1652,1529,123,1,0.925544794189
1773,1575,198,1,0.888324873096
1743,1732,11,2,0.00631095811819
1645,1607,38,2,0.0231003039514
1616,1579,37,1,0.977103960396
1720,1580,140,1,0.918604651163
1047,391,656,2,0.626552053486
894,2,892,2,0.997762863535
1664,1401,263,2,0.158052884615
827,12,815,2,0.985489721886
1652,1562,90,1,0.945520581114
927,9,918,2,0.990291262136
905,11,894,2,0.987845303867
864,3,861,2,0.996527777778
1648,1619,29,1,0.982402912621
1673,1588,85,1,0.949193066348
1630,1597,33,1,0.979754601227
1623,1561,62,1,0.9617991374
1627,1627,0,2,0.0
1680,1561,119,1,0.929166666667
1600,1526,74,1,0.95375
1608,1566,42,1,0.973880597015
1815,1622,193,1,0.893663911846
924,15,909,2,0.983766233766
1690,1590,100,1,0.940828402367
1752,1577,175,1,0.900114155251
1692,1579,113,1,0.933215130024
1633,1590,43,1,0.97366809553
1562,1554,8,1,0.994878361076
839,43,796,2,0.948748510131
1534,1480,54,1,0.96479791395
1535,1524,11,1,0.992833876221
964,235,729,2,0.75622406639
842,2,840,2,0.997624703088
1658,1600,58,1,0.965018094089
1598,1585,13,1,0.991864831039
1586,1547,39,1,0.975409836066
821,0,821,2,1.0
1708,1611,97,1,0.943208430913
1686,1685,1,1,0.99940688019
851,4,847,2,0.995299647474
1644,1614,30,1,0.981751824818
1572,1539,33,1,0.979007633588
1057,524,533,2,0.504257332072
1632,1598,34,1,0.979166666667
870,18,852,2,0.979310344828
1626,1581,45,1,0.972324723247
858,25,833,2,0.970862470862
1618,1577,41,1,0.974660074166
1016,141,875,2,0.861220472441
1792,1628,164,1,0.908482142857
1631,1598,33,1,0.979767014102
890,16,874,2,0.98202247191
1606,1542,64,1,0.960149439601
1583,1557,26,1,0.983575489577
1661,1618,43,1,0.974111980734
1724,1566,158,1,0.908352668213
1707,1610,97,2,0.0568248388987
814,0,814,2,1.0
1553,1264,289,2,0.18609143593
1057,394,663,2,0.62724692526
1731,1551,180,2,0.103986135182
1594,1446,148,2,0.0928481806775
1739,1594,145,1,0.916618746406
1593,1544,49,1,0.969240426868
1586,1549,37,2,0.0233291298865
1511,1456,55,1,0.963600264725
1603,1550,53,1,0.966936993138
1571,1559,12,1,0.992361553151
1703,1601,102,1,0.940105695831
1772,1772,0,2,0.0
1661,1051,610,2,0.367248645394
1782,1782,0,2,0.0
1782,1610,172,1,0.903479236813
943,5,938,2,0.994697773065
1560,1513,47,1,0.969871794872
1776,1691,85,1,0.95213963964
1007,154,853,2,0.847070506455
1646,1540,106,1,0.93560145808
867,124,743,2,0.856978085352
1685,1653,32,2,0.0189910979228
1577,1572,5,1,0.996829422955
1558,1558,0,1,1.0
1642,1515,127,1,0.922655298417
1526,1526,0,1,1.0
1740,1564,176,1,0.898850574713
1541,1521,20,1,0.987021414666
1575,1555,20,1,0.987301587302
785,47,738,2,0.940127388535
1562,1484,78,1,0.950064020487
1726,1588,138,2,0.0799536500579
1736,1564,172,1,0.900921658986
1732,1608,124,1,0.928406466513
819,1,818,2,0.998778998779
1662,1585,77,2,0.046329723225
1589,1576,13,1,0.991818753933
1830,1641,189,1,0.896721311475
803,98,705,2,0.87795765878
1735,1599,136,1,0.921613832853
1640,1610,30,1,0.981707317073
1618,1534,84,1,0.948084054388
778,0,778,2,1.0
1572,1534,38,1,0.97582697201
1680,1634,46,1,0.972619047619
1598,1572,26,1,0.983729662078
1477,1472,5,1,0.996614759648
1580,1547,33,1,0.979113924051
1649,1560,89,1,0.946027895694
1004,348,656,2,0.653386454183
1592,1592,0,1,1.0
1855,1488,367,2,0.197843665768
900,78,822,2,0.913333333333
1558,1545,13,1,0.991655969191
871,0,871,2,1.0
1604,1190,414,2,0.258104738155
1587,1530,57,1,0.964083175803
905,1,904,2,0.998895027624
1735,1693,42,2,0.0242074927954
1310,942,368,2,0.280916030534
1717,1592,125,1,0.927198602213
1623,1572,51,2,0.0314232902033
1655,1587,68,1,0.958912386707
1619,1619,0,2,0.0
1826,1595,231,2,0.126506024096
1561,1561,0,1,1.0
1650,1559,91,1,0.944848484848
852,10,842,2,0.988262910798
953,158,795,2,0.834207764953
1727,1620,107,1,0.938042848871
1727,1377,350,2,0.20266357846
909,1,908,2,0.998899889989
1742,1690,52,1,0.970149253731
913,4,909,2,0.995618838992
1662,1572,90,1,0.945848375451
1733,1603,130,1,0.924985574149
872,3,869,2,0.996559633028
1621,1062,559,2,0.344848858729
1571,1525,46,1,0.970719287078
912,0,912,2,1.0
916,3,913,2,0.99672489083
927,358,569,2,0.61380798274
893,8,885,2,0.991041433371
907,26,881,2,0.971334068357
1741,1573,168,2,0.0964962665135
1604,1573,31,1,0.980673316708
867,0,867,2,1.0
1574,1540,34,1,0.978398983482
1732,1586,146,1,0.915704387991
1734,1641,93,1,0.946366782007
1243,301,942,2,0.757843925986
1631,1631,0,2,0.0
817,13,804,2,0.984088127295
886,10,876,2,0.988713318284
973,29,944,2,0.970195272354
1659,1595,64,1,0.961422543701
1592,1553,39,1,0.975502512563
879,0,879,2,1.0
1600,1577,23,2,0.014375
1662,1600,62,1,0.962695547533
836,2,834,2,0.997607655502
923,101,822,2,0.890574214518
775,15,760,2,0.98064516129
1634,1604,30,1,0.981640146879
876,15,861,2,0.982876712329
1556,1514,42,1,0.973007712082
1635,1612,23,1,0.985932721713
1808,1650,158,2,0.087389380531
1714,1578,136,1,0.92065344224
1559,1559,0,1,1.0
1582,1562,20,1,0.987357774968
765,2,763,2,0.997385620915
1511,1511,0,1,1.0
791,0,791,2,1.0
1593,1577,16,1,0.989956057753
968,132,836,2,0.863636363636
1221,274,947,2,0.775593775594
1717,1608,109,1,0.93651718113
921,65,856,2,0.929424538545
1680,1624,56,1,0.966666666667
970,83,887,2,0.914432989691
1561,1500,61,1,0.960922485586
1562,1509,53,1,0.966069142125
1667,1602,65,1,0.96100779844
1613,1611,2,2,0.00123992560446
858,0,858,2,1.0
1604,1604,0,1,1.0
1552,1538,14,1,0.990979381443
1596,1589,7,1,0.995614035088
1662,1608,54,1,0.967509025271
855,1,854,2,0.998830409357
1693,1515,178,2,0.105138806852
1541,1509,32,1,0.979234263465
1307,745,562,2,0.429992348891
926,38,888,2,0.958963282937
1622,1557,65,1,0.959926017263
1640,1528,112,2,0.0682926829268
1808,1589,219,1,0.878871681416
1564,1525,39,1,0.975063938619
1606,1549,57,1,0.964508094645
1684,1582,102,1,0.939429928741
1777,1584,193,2,0.108610016882
1688,1570,118,1,0.93009478673
1650,1569,81,1,0.950909090909
1717,1634,83,1,0.95165987187
882,25,857,2,0.971655328798
1528,1483,45,1,0.97054973822
964,28,936,2,0.970954356846
1682,1562,120,1,0.928656361474
911,63,848,2,0.930845225027
1756,1316,440,2,0.250569476082
1583,1563,20,1,0.987365761213
920,0,920,2,1.0
1690,1584,106,1,0.937278106509
1735,1635,100,1,0.942363112392
1649,1577,72,2,0.0436628259551
1727,1589,138,1,0.920092646207
1586,1579,7,1,0.995586380832
834,75,759,2,0.910071942446
1856,1691,165,1,0.911099137931
912,44,868,2,0.951754385965
1805,1627,178,1,0.901385041551
804,1,803,2,0.998756218905
1102,238,864,2,0.784029038113
973,139,834,2,0.857142857143
1552,1549,3,1,0.998067010309
1523,1512,11,1,0.992777413001
1847,1621,226,1,0.877639415268
1564,1559,5,1,0.996803069054
1818,1616,202,2,0.111111111111
1636,1620,16,1,0.9902200489
1624,1577,47,2,0.0289408866995
1617,1580,37,2,0.0228818800247
851,1,850,2,0.998824911868
1661,1641,20,1,0.987959060807
1638,1624,14,1,0.991452991453
815,7,808,2,0.991411042945
1052,374,678,2,0.644486692015
1739,1604,135,1,0.922369177688
1590,1530,60,2,0.0377358490566
869,11,858,2,0.987341772152
1621,1551,70,1,0.956816779766
1691,1610,81,1,0.952099349497
792,1,791,2,0.998737373737
858,17,841,2,0.980186480186
1626,1583,43,1,0.973554735547
1663,1642,21,1,0.987372218882
1601,1540,61,1,0.961898813242
1622,1593,29,1,0.982120838471
1745,1567,178,1,0.897994269341
832,13,819,2,0.984375
1571,1571,0,1,1.0
1630,1590,40,2,0.0245398773006
1629,1581,48,1,0.970534069982
1633,1571,62,1,0.962033067973
1672,1657,15,2,0.00897129186603
1651,1627,24,1,0.985463355542
1652,1576,76,2,0.046004842615
910,0,910,2,1.0
795,21,774,2,0.97358490566
1603,1593,10,1,0.993761696818
1581,1559,22,1,0.986084756483
906,1,905,2,0.998896247241
1624,1590,34,1,0.979064039409
1625,1565,60,1,0.963076923077
865,45,820,2,0.947976878613
1509,1509,0,1,1.0
846,111,735,2,0.868794326241
778,3,775,2,0.996143958869
928,6,922,2,0.993534482759
1759,1569,190,1,0.891984081865
1548,1545,3,1,0.998062015504
1568,1550,18,1,0.988520408163
1589,1546,43,1,0.972938955318
1625,1577,48,1,0.970461538462
1575,1555,20,1,0.987301587302
1073,286,787,2,0.733457595527
1616,1590,26,1,0.983910891089
981,16,965,2,0.98369011213
1604,1585,19,1,0.988154613466
919,13,906,2,0.985854189336
1724,1606,118,1,0.931554524362
896,34,862,2,0.962053571429
1701,1676,25,1,0.985302763081
1631,1576,55,1,0.966278356836
828,2,826,2,0.997584541063
926,3,923,2,0.996760259179
1817,1453,364,2,0.20033021464
847,27,820,2,0.968122786305
1352,611,741,2,0.548076923077
912,13,899,2,0.985745614035
1668,1299,369,2,0.221223021583
1561,1502,59,2,0.0377962844331
896,32,864,2,0.964285714286
1660,1589,71,2,0.0427710843373
1606,1403,203,2,0.126400996264
1618,1581,37,1,0.977132262052
1676,1585,91,1,0.945704057279
857,4,853,2,0.995332555426
1651,1612,39,2,0.0236220472441
1595,1560,35,1,0.978056426332
844,24,820,2,0.971563981043
1679,1537,142,1,0.915425848719
1692,1616,76,1,0.955082742317
1639,1565,74,1,0.954850518609
1200,521,679,2,0.565833333333
1711,1646,65,1,0.962010520164
1563,1508,55,2,0.0351887396033
1593,1545,48,1,0.969868173258
1686,1574,112,2,0.0664294187426
1611,1595,16,1,0.990068280571
1493,1481,12,1,0.991962491628
1006,146,860,2,0.854870775348
1636,1549,87,1,0.946821515892
885,0,885,2,1.0
1673,1657,16,2,0.00956365809922
916,33,883,2,0.963973799127
1629,1527,102,1,0.937384898711
1010,307,703,2,0.69603960396
1521,1083,438,2,0.287968441815
1578,1220,358,2,0.226869455006
1620,1593,27,1,0.983333333333
1284,702,582,2,0.453271028037
1830,1522,308,1,0.831693989071
1519,1504,15,1,0.990125082291
1427,1099,328,2,0.229852838122
1602,1566,36,1,0.977528089888
1513,1504,9,1,0.994051553206
1550,1547,3,1,0.998064516129
1534,858,676,2,0.440677966102
856,9,847,2,0.989485981308
1580,1112,468,2,0.296202531646
1680,1604,76,1,0.954761904762
1778,1560,218,1,0.877390326209
1669,1634,35,1,0.979029358898
837,2,835,2,0.99761051374
963,141,822,2,0.853582554517
1643,1562,81,1,0.950699939136
1604,1580,24,1,0.985037406484
1505,1066,439,2,0.291694352159
1393,1010,383,2,0.274946159368
1712,1574,138,2,0.0806074766355
1667,1592,75,2,0.0449910017996
1708,1619,89,1,0.947892271663
1695,1559,136,1,0.919764011799
1552,1540,12,1,0.992268041237
1003,44,959,2,0.956131605184
1769,1769,0,2,0.0
1638,1613,25,1,0.984737484737
839,50,789,2,0.940405244338
1704,1596,108,1,0.93661971831
1220,590,630,2,0.516393442623
1705,1591,114,1,0.933137829912
1468,1165,303,2,0.206403269755
903,0,903,2,1.0
1151,441,710,2,0.616854908775
1662,1537,125,1,0.924789410349
1763,1640,123,1,0.93023255814
1617,1581,36,1,0.977736549165
1797,1437,360,2,0.200333889816
849,3,846,2,0.996466431095
999,49,950,2,0.950950950951
1012,130,882,2,0.871541501976
771,3,768,2,0.996108949416
1679,1650,29,1,0.982727814175
1567,1557,10,1,0.993618379068
1567,1538,29,1,0.981493299298
1621,1561,60,1,0.962985811228
1599,1564,35,1,0.978111319575
1727,1629,98,1,0.943254198031
1572,1534,38,2,0.0241730279898
1530,1530,0,1,1.0
1610,1523,87,1,0.945962732919
1524,1513,11,1,0.992782152231
824,0,824,2,1.0
1577,1577,0,1,1.0
1740,1528,212,2,0.12183908046
1735,1548,187,1,0.892219020173
1659,1563,96,1,0.942133815552
761,0,761,2,1.0
1684,1541,143,1,0.915083135392
1698,1602,96,1,0.943462897527
1849,1624,225,1,0.878312601406
897,37,860,2,0.958751393534
1625,1557,68,1,0.958153846154
872,14,858,2,0.983944954128
1652,1575,77,1,0.953389830508
780,4,776,2,0.994871794872
1574,1518,56,1,0.964421855146
1667,1564,103,2,0.0617876424715
1593,1593,0,1,1.0
1556,1505,51,1,0.967223650386
1722,1544,178,1,0.896631823461
1787,1579,208,1,0.88360380526
943,15,928,2,0.984093319194
1664,1642,22,1,0.986778846154
1657,1571,86,1,0.948098974049
1640,1574,66,1,0.959756097561
1878,1648,230,2,0.122470713525
865,2,863,2,0.997687861272
887,16,871,2,0.981961668546
1729,1580,149,2,0.0861769809138
788,33,755,2,0.958121827411
1686,1569,117,1,0.930604982206
921,125,796,2,0.86427795874
899,0,899,2,1.0
1774,1475,299,2,0.168545659526
857,1,856,2,0.998833138856
1695,1491,204,2,0.120353982301
990,158,832,2,0.840404040404
1376,954,422,2,0.306686046512
1538,1532,6,1,0.996098829649
1683,1596,87,1,0.948306595365
1636,1592,44,1,0.973105134474
1000,336,664,2,0.664
888,50,838,2,0.943693693694
1593,1392,201,2,0.126177024482
1766,1601,165,2,0.0934314835787
1582,1562,20,1,0.987357774968
849,8,841,2,0.990577149588
892,12,880,2,0.986547085202
1622,1582,40,1,0.975339087546
925,10,915,2,0.989189189189
1630,1590,40,2,0.0245398773006
1117,349,768,2,0.687555953447
1628,1267,361,2,0.221744471744
1681,1619,62,1,0.963117192148
937,79,858,2,0.915688367129
1665,1580,85,1,0.948948948949
1703,1559,144,1,0.915443335291
853,0,853,2,1.0
1796,1634,162,1,0.909799554566
1711,1476,235,2,0.137346580947
812,4,808,2,0.995073891626
1864,1599,265,2,0.142167381974
901,4,897,2,0.995560488346
1522,1489,33,1,0.978318002628
1593,1516,77,1,0.951663527935
1568,1533,35,1,0.977678571429
1800,1629,171,2,0.095
940,17,923,2,0.981914893617
1767,1575,192,2,0.108658743633
1773,1760,13,2,0.00733220530175
984,43,941,2,0.956300813008
1733,1669,64,2,0.0369301788806
949,163,786,2,0.828240252898
1566,1555,11,1,0.992975734355
1623,1586,37,2,0.022797288971
1798,1798,0,2,0.0
1689,1539,150,1,0.911190053286
1708,1603,105,1,0.938524590164
1768,1618,150,1,0.915158371041
882,22,860,2,0.975056689342
1821,1594,227,1,0.875343218012
1662,1554,108,1,0.935018050542
1100,307,793,2,0.720909090909
823,10,813,2,0.987849331713
1645,1573,72,1,0.95623100304
1087,376,711,2,0.654093836247
1772,1590,182,2,0.102708803612
1154,615,539,2,0.467071057192
1187,588,599,2,0.504633529907
1695,1555,140,1,0.917404129794
805,7,798,2,0.991304347826
1594,1528,66,1,0.958594730238
949,90,859,2,0.905163329821
818,5,813,2,0.993887530562
1673,1550,123,1,0.926479378362
1796,1610,186,2,0.103563474388
1179,565,614,2,0.520780322307
743,2,741,2,0.99730820996
1578,1574,4,1,0.997465145754
1661,1660,1,1,0.99939795304
852,108,744,2,0.87323943662
1864,1603,261,2,0.140021459227
1362,411,951,2,0.698237885463
1629,1495,134,1,0.917740945365
1582,1563,19,1,0.98798988622
1314,826,488,2,0.371385083714
1220,533,687,2,0.563114754098
1730,1578,152,1,0.912138728324
1665,1601,64,1,0.961561561562
1782,1307,475,2,0.266554433221
1609,1582,27,1,0.983219390926
904,0,904,2,1.0
1587,1551,36,1,0.977315689981
731,0,731,2,1.0
1690,1581,109,1,0.93550295858
1554,1540,14,1,0.990990990991
1568,1101,467,2,0.297831632653
1555,1550,5,1,0.996784565916
814,0,814,2,1.0
1630,1547,83,1,0.949079754601
922,4,918,2,0.995661605206
1642,1565,77,1,0.953105968331
1592,1558,34,1,0.97864321608
1656,1515,141,1,0.914855072464
1515,1476,39,1,0.974257425743
871,120,751,2,0.862227324914
856,105,751,2,0.877336448598
1601,1582,19,1,0.988132417239
1675,1614,61,1,0.963582089552
1529,1529,0,1,1.0
1497,730,767,2,0.512358049432
1585,1563,22,1,0.986119873817
817,6,811,2,0.992656058752
875,12,863,2,0.986285714286
882,15,867,2,0.982993197279
1632,1524,108,1,0.933823529412
1566,1557,9,1,0.994252873563
1621,1552,69,1,0.957433682912
1717,1575,142,1,0.917297612114
1651,1555,96,2,0.0581465778316
850,4,846,2,0.995294117647
1714,1592,122,1,0.928821470245
1714,1566,148,1,0.913652275379
810,189,621,2,0.766666666667
1685,1663,22,2,0.013056379822
1093,296,797,2,0.729185727356
905,17,888,2,0.981215469613
1655,1623,32,1,0.980664652568
842,37,805,2,0.956057007126
855,3,852,2,0.99649122807
837,21,816,2,0.974910394265
1633,1567,66,1,0.959583588487
1586,1585,1,1,0.999369482976
1205,498,707,2,0.586721991701
1761,1730,31,2,0.0176036342987
1531,1531,0,1,1.0
1745,1156,589,2,0.337535816619
998,150,848,2,0.849699398798
1577,1548,29,1,0.981610653139
1626,1579,47,1,0.971094710947
1559,1559,0,1,1.0
1806,1569,237,2,0.13122923588
1679,1663,16,2,0.00952948183443
1517,1517,0,1,1.0
1651,1557,94,2,0.0569351907935
995,103,892,2,0.89648241206
1673,1557,116,1,0.930663478781
1572,1562,10,1,0.993638676845
806,0,806,2,1.0
1066,400,666,2,0.624765478424
1740,1554,186,2,0.106896551724
1600,1565,35,1,0.978125
793,0,793,2,1.0
1644,1644,0,1,1.0
1541,1541,0,1,1.0
1665,1551,114,1,0.931531531532
1694,1616,78,1,0.953955135773
902,11,891,2,0.987804878049
928,0,928,2,1.0
1604,1533,71,1,0.955735660848
1759,1755,4,2,0.00227401932916
964,76,888,2,0.921161825726
1789,1789,0,2,0.0
1601,1549,52,2,0.0324797001874
1634,1174,460,2,0.281517747858
1584,1578,6,1,0.996212121212
1716,1584,132,2,0.0769230769231
1671,1607,64,2,0.0383004189108
1694,1532,162,1,0.904368358914
1879,1553,326,1,0.826503459287
1516,1235,281,2,0.185356200528
1556,1554,2,1,0.998714652956
908,0,908,2,1.0
1439,1049,390,2,0.271021542738
714,1,713,2,0.998599439776
1675,1489,186,2,0.111044776119
1683,1540,143,1,0.915032679739
927,93,834,2,0.899676375405
1634,1546,88,1,0.946144430845
1766,1603,163,1,0.907701019253
772,6,766,2,0.992227979275
1672,1592,80,1,0.952153110048
1054,79,975,2,0.92504743833
764,0,764,2,1.0
895,1,894,2,0.998882681564
752,0,752,2,1.0
1616,1562,54,2,0.0334158415842
883,0,883,2,1.0
917,8,909,2,0.991275899673
1640,1549,91,1,0.944512195122
1665,1591,74,1,0.955555555556
1424,1086,338,2,0.237359550562
1539,1441,98,1,0.936322287199
833,26,807,2,0.968787515006
1577,1519,58,1,0.963221306278
936,17,919,2,0.981837606838
1639,1614,25,1,0.984746796827
895,71,824,2,0.920670391061
778,0,778,2,1.0
1732,1732,0,2,0.0
1728,1642,86,1,0.950231481481
980,130,850,2,0.867346938776
1659,1609,50,1,0.969861362266
1658,1605,53,1,0.968033775633
1659,1588,71,1,0.957203134418
1650,1592,58,1,0.964848484848
1837,1614,223,1,0.878606423517
908,57,851,2,0.937224669604
1547,1547,0,1,1.0
1670,1570,100,1,0.940119760479
1649,1544,105,1,0.936325045482
1632,1623,9,2,0.00551470588235
1656,1561,95,1,0.942632850242
1674,1634,40,1,0.976105137395
814,0,814,2,1.0
724,6,718,2,0.991712707182
1702,1626,76,1,0.955346650999
1139,608,531,2,0.466198419666
944,190,754,2,0.798728813559
1513,1479,34,1,0.977528089888
1566,1531,35,1,0.977650063857
1742,1606,136,1,0.921928817451
1784,1628,156,1,0.912556053812
1603,1603,0,2,0.0
1648,1568,80,1,0.95145631068
893,85,808,2,0.904815229563
1644,1642,2,1,0.998783454988
1600,1600,0,2,0.0
1636,1553,83,1,0.949266503667
1608,1567,41,1,0.974502487562
1691,1641,50,1,0.970431697221
1756,1741,15,2,0.00854214123007
786,19,767,2,0.97582697201
821,12,809,2,0.985383678441
1702,1596,106,1,0.937720329025
1608,1511,97,1,0.939676616915
1769,1565,204,1,0.884680610514
1580,1547,33,1,0.979113924051
1678,1552,126,2,0.0750893921335
1639,1492,147,1,0.910311165345
1574,1574,0,1,1.0
1533,1501,32,1,0.979125896934
1688,1519,169,1,0.899881516588
1677,1592,85,1,0.94931425164
873,63,810,2,0.927835051546
1539,1521,18,1,0.988304093567
1651,1561,90,2,0.0545124167171
934,23,911,2,0.975374732334
1744,1628,116,1,0.933486238532
1839,1625,214,1,0.883632408918
1051,91,960,2,0.913415794481
1759,1587,172,1,0.902217168846
1110,235,875,2,0.788288288288
979,106,873,2,0.891726251277
860,0,860,2,1.0
1671,1519,152,1,0.909036505087
1601,1223,378,2,0.236102435978
1590,1546,44,1,0.972327044025
883,11,872,2,0.987542468856
1543,1328,215,2,0.139338950097
1664,1636,28,2,0.0168269230769
1537,1504,33,1,0.978529603123
929,13,916,2,0.986006458558
1560,1524,36,1,0.976923076923
1636,1585,51,1,0.968826405868
1074,269,805,2,0.749534450652
1784,1571,213,2,0.119394618834
955,0,955,2,1.0
852,58,794,2,0.931924882629
1651,1597,54,2,0.0327074500303
1663,1600,63,1,0.962116656645
1625,1165,460,2,0.283076923077
1413,1012,401,2,0.283793347488
1569,1509,60,1,0.961759082218
1755,1552,203,1,0.88433048433
1037,123,914,2,0.881388621022
1590,1536,54,1,0.966037735849
1650,1626,24,1,0.985454545455
1625,1601,24,1,0.985230769231
992,12,980,2,0.987903225806
1690,1624,66,2,0.0390532544379
761,8,753,2,0.989487516426
1608,1608,0,1,1.0
1647,1532,115,1,0.930176077717
932,143,789,2,0.846566523605
864,4,860,2,0.99537037037
1620,1523,97,1,0.94012345679
1708,1601,107,1,0.937353629977
1699,1454,245,2,0.144202472042
1585,1548,37,1,0.97665615142
772,8,764,2,0.989637305699
1595,1512,83,1,0.947962382445
873,0,873,2,1.0
848,22,826,2,0.974056603774
1251,616,635,2,0.50759392486
862,9,853,2,0.989559164733
905,26,879,2,0.971270718232
1581,1534,47,1,0.97027197976
848,2,846,2,0.997641509434
1516,1145,371,2,0.244722955145
1710,1568,142,2,0.0830409356725
1572,1433,139,2,0.0884223918575
1053,263,790,2,0.750237416904
864,55,809,2,0.936342592593
1658,1578,80,1,0.951749095296
823,40,783,2,0.951397326853
1593,1578,15,1,0.990583804143
1014,348,666,2,0.656804733728
1570,1566,4,1,0.997452229299
1718,1625,93,1,0.945867287544
845,11,834,2,0.986982248521
1545,1544,1,1,0.999352750809
939,90,849,2,0.904153354633
1794,1570,224,1,0.8751393534
1676,1566,110,1,0.934367541766
926,0,926,2,1.0
1097,233,864,2,0.787602552416
1745,1559,186,1,0.89340974212
1671,1544,127,1,0.923997606224
944,9,935,2,0.990466101695
965,143,822,2,0.851813471503
771,0,771,2,1.0
852,43,809,2,0.949530516432
830,1,829,2,0.998795180723
1820,1619,201,1,0.88956043956
1669,1565,104,2,0.062312762133
1495,980,515,2,0.344481605351
1612,1368,244,2,0.151364764268
1664,1588,76,1,0.954326923077
938,8,930,2,0.991471215352
1607,1606,1,1,0.999377722464
867,1,866,2,0.998846597463
913,27,886,2,0.970427163198
1668,1557,111,1,0.93345323741
1621,1612,9,1,0.994447871684
1762,1606,156,1,0.911464245176
1703,1543,160,2,0.093951849677
1732,1372,360,2,0.207852193995
1412,515,897,2,0.635269121813
1683,1596,87,1,0.948306595365
823,14,809,2,0.982989064399
1631,1597,34,1,0.979153893317
1584,1555,29,1,0.981691919192
1495,1050,445,2,0.297658862876
1580,1506,74,1,0.953164556962
815,51,764,2,0.937423312883
1621,1621,0,1,1.0
878,20,858,2,0.97722095672
1661,1582,79,2,0.0475617098134
860,18,842,2,0.979069767442
1699,1588,111,2,0.065332548558
1055,369,686,2,0.650236966825
854,11,843,2,0.987119437939
1122,637,485,2,0.432263814617
1534,1444,90,1,0.941329856584
1769,1602,167,1,0.905596382137
1632,1604,28,2,0.0171568627451
900,72,828,2,0.92
1571,1568,3,2,0.00190961171229
1784,1784,0,2,0.0
1471,1470,1,1,0.999320190347
1749,1498,251,2,0.143510577473
923,108,815,2,0.882990249187
1697,1581,116,1,0.931644077784
1782,1604,178,2,0.0998877665544
1609,1578,31,1,0.980733374767
1715,1645,70,1,0.959183673469
1805,1623,182,1,0.899168975069
1655,1613,42,1,0.974622356495
1109,171,938,2,0.845807033363
1645,1545,100,1,0.939209726444
1618,1555,63,1,0.961063040791
1564,1525,39,1,0.975063938619
1634,1488,146,2,0.0893512851897
1672,1522,150,1,0.91028708134
1428,1123,305,2,0.213585434174
833,1,832,2,0.998799519808
1605,1559,46,1,0.971339563863
1053,468,585,2,0.555555555556
1611,1597,14,1,0.9913097455
821,5,816,2,0.993909866017
1118,381,737,2,0.659212880143
1616,1584,32,1,0.980198019802
1690,1504,186,2,0.110059171598
1690,1546,144,1,0.914792899408
1636,1571,65,2,0.0397310513447
1001,15,986,2,0.985014985015
911,23,888,2,0.974753018661
1683,1567,116,1,0.931075460487
978,171,807,2,0.825153374233
1598,1501,97,1,0.939299123905
888,153,735,2,0.827702702703
1575,1506,69,1,0.95619047619
778,2,776,2,0.997429305913
1762,1594,168,1,0.904653802497
1647,1560,87,1,0.947176684882
1718,1581,137,1,0.920256111758
1806,1663,143,1,0.920819490587
1667,1590,77,2,0.0461907618476
1609,1521,88,1,0.9453076445
1682,1607,75,2,0.0445897740785
1208,517,691,2,0.57201986755
843,1,842,2,0.99881376038
1237,804,433,2,0.350040420372
1790,1565,225,1,0.874301675978
928,108,820,2,0.883620689655
1211,661,550,2,0.454170107349
1657,1616,41,1,0.975256487628
1635,1635,0,2,0.0
1512,1508,4,1,0.997354497354
1697,1613,84,1,0.950500883913
1664,1664,0,2,0.0
819,0,819,2,1.0
1631,1587,44,1,0.973022685469
1602,1560,42,1,0.973782771536
873,12,861,2,0.986254295533
877,62,815,2,0.929304446978
1545,1501,44,1,0.971521035599
1686,1684,2,2,0.0011862396204
1690,1585,105,1,0.937869822485
1513,1488,25,1,0.983476536682
886,0,886,2,1.0
1774,1604,170,1,0.904171364149
1682,1564,118,1,0.929845422117
1578,1578,0,2,0.0
816,2,814,2,0.997549019608
1593,1547,46,1,0.971123666039
1702,1571,131,1,0.92303172738
849,42,807,2,0.950530035336
1663,1519,144,2,0.086590499098
1715,1584,131,1,0.92361516035
1816,1816,0,2,0.0
1745,1556,189,1,0.891690544413
938,11,927,2,0.988272921109
887,199,688,2,0.775648252537
1535,1534,1,1,0.999348534202
1634,1578,56,1,0.965728274174
880,16,864,2,0.981818181818
1622,1552,70,1,0.956843403206
1624,1624,0,1,1.0
1002,192,810,2,0.808383233533
1707,1707,0,2,0.0
1682,1565,117,1,0.930439952438
1549,1491,58,1,0.962556488057
1803,1803,0,2,0.0
1646,1565,81,2,0.0492102065614
1794,1621,173,1,0.903567447046
885,3,882,2,0.996610169492
1671,1606,65,1,0.961101137044
1564,1533,31,1,0.980179028133
1721,1589,132,1,0.92330040674
1602,1525,77,1,0.951935081149
1691,1586,105,1,0.937906564163
1805,1619,186,2,0.103047091413
851,8,843,2,0.990599294947
861,0,861,2,1.0
1636,1470,166,1,0.898533007335
1601,1540,61,1,0.961898813242
1714,1309,405,2,0.236289381564
1640,1599,41,1,0.975
1785,1663,122,2,0.0683473389356
1681,1604,77,2,0.0458060678168
1525,1521,4,1,0.99737704918
825,23,802,2,0.972121212121
1802,1802,0,2,0.0
893,1,892,2,0.998880179171
801,17,784,2,0.978776529338
1673,1603,70,1,0.958158995816
823,10,813,2,0.987849331713
795,1,794,2,0.998742138365
1641,1522,119,1,0.927483241926
897,13,884,2,0.985507246377
931,32,899,2,0.965628356606
944,118,826,2,0.875
751,35,716,2,0.953395472703
1540,1515,25,1,0.983766233766
1570,1532,38,1,0.975796178344
1663,1551,112,1,0.932651834035
1693,1596,97,1,0.94270525694
1548,1360,188,2,0.121447028424
1551,1540,11,1,0.992907801418
1699,1552,147,1,0.913478516775
860,10,850,2,0.988372093023
1548,1522,26,1,0.983204134367
1182,298,884,2,0.747884940778
1582,1501,81,1,0.948798988622
1138,355,783,2,0.688049209139
1617,1614,3,1,0.99814471243
808,47,761,2,0.941831683168
1606,1568,38,1,0.976338729763
1661,1490,171,1,0.897049969898
1723,1559,164,1,0.904817179338
823,15,808,2,0.98177399757
926,3,923,2,0.996760259179
1735,1629,106,1,0.938904899135
853,4,849,2,0.99531066823
1672,1610,62,1,0.962918660287
1774,1610,164,1,0.907553551297
1672,1627,45,1,0.973086124402
1681,1622,59,1,0.96490184414
1748,1660,88,2,0.0503432494279
824,2,822,2,0.997572815534
1241,342,899,2,0.724415793715
874,1,873,2,0.99885583524
852,20,832,2,0.976525821596
1728,1637,91,1,0.947337962963
1676,1561,115,2,0.06861575179
1784,1639,145,1,0.918721973094
1723,1624,99,1,0.942542077771
1564,1550,14,1,0.99104859335
1700,1619,81,2,0.0476470588235
1715,1552,163,1,0.904956268222
1099,247,852,2,0.77525022748
740,0,740,2,1.0
1652,1552,100,1,0.939467312349
1640,1585,55,2,0.0335365853659
1698,1554,144,2,0.0848056537102
1762,1526,236,1,0.866061293984
1684,1564,120,1,0.928741092637
1654,1396,258,2,0.155985489722
1565,1565,0,1,1.0
1725,1545,180,1,0.895652173913
1257,418,839,2,0.667462211615
1783,1584,199,1,0.888390353337
1688,1602,86,1,0.949052132701
1665,1643,22,2,0.0132132132132
1013,206,807,2,0.796643632774
1601,1549,52,1,0.967520299813
861,3,858,2,0.996515679443
1624,1565,59,2,0.0363300492611
1249,666,583,2,0.466773418735
1022,375,647,2,0.633072407045
1715,1614,101,1,0.94110787172
1631,1623,8,1,0.995095033722
1700,1544,156,1,0.908235294118
1528,1528,0,1,1.0
1653,1552,101,1,0.938898971567
1884,1615,269,2,0.142781316348
1718,1622,96,1,0.944121071013
799,13,786,2,0.983729662078
1718,1589,129,1,0.924912689173
1782,1633,149,1,0.916386083053
883,0,883,2,1.0
1675,1615,60,1,0.964179104478
1671,1595,76,1,0.954518252543
1808,1808,0,2,0.0
1713,1633,80,1,0.953298307064
1616,1567,49,1,0.969678217822
1594,1561,33,2,0.0207026348808
746,1,745,2,0.998659517426
1699,1447,252,2,0.148322542672
1586,1569,17,1,0.989281210593
917,20,897,2,0.978189749182
1587,1587,0,1,1.0
816,22,794,2,0.973039215686
1719,1537,182,2,0.105875509017
1844,1637,207,1,0.887744034707
1639,1560,79,1,0.951799877974
1716,1589,127,1,0.925990675991
1721,1549,172,2,0.0999418942475
1615,1613,2,1,0.998761609907
898,29,869,2,0.967706013363
1555,1541,14,1,0.990996784566
1676,1367,309,2,0.184367541766
1591,1492,99,1,0.937774984287
1096,278,818,2,0.746350364964
1559,1514,45,1,0.971135343169
1678,1597,81,1,0.951728247914
1609,1559,50,1,0.968924798011
888,7,881,2,0.992117117117
1709,1591,118,1,0.930953774137
1646,1564,82,1,0.950182260024
1752,1624,128,1,0.926940639269
1067,215,852,2,0.798500468604
902,158,744,2,0.824833702882
767,2,765,2,0.99739243807
1576,1576,0,1,1.0
1669,1617,52,2,0.0311563810665
1676,1529,147,2,0.0877088305489
1626,1549,77,1,0.952644526445
1741,1564,177,1,0.898334290638
873,37,836,2,0.957617411226
1567,1539,28,1,0.982131461391
1592,1534,58,1,0.963567839196
1701,1598,103,1,0.939447383892
831,0,831,2,1.0
1726,1615,111,1,0.935689455388
1629,1579,50,1,0.969306322897
757,4,753,2,0.994715984148
1583,1564,19,1,0.987997473152
1711,1596,115,1,0.932787843366
1491,1174,317,2,0.212608987257
1621,1496,125,2,0.0771128932758
1184,248,936,2,0.790540540541
914,2,912,2,0.997811816193
1691,1631,60,2,0.0354819633353
861,52,809,2,0.939605110337
717,2,715,2,0.997210599721
975,189,786,2,0.806153846154
1690,1621,69,1,0.959171597633
866,1,865,2,0.998845265589
1700,1561,139,1,0.918235294118
1158,289,869,2,0.750431778929
815,0,815,2,1.0
970,24,946,2,0.975257731959
1630,1576,54,1,0.966871165644
917,31,886,2,0.966194111232
1732,1571,161,2,0.0929561200924
1714,1714,0,2,0.0
1726,1516,210,2,0.121668597914
1631,1512,119,1,0.927038626609
1810,1500,310,2,0.171270718232
1624,1572,52,1,0.967980295567
1642,1537,105,1,0.936053593179
1528,1476,52,1,0.965968586387
1584,1531,53,1,0.96654040404
962,72,890,2,0.925155925156
1674,1579,95,1,0.943249701314
1614,1558,56,1,0.965303593556
912,87,825,2,0.904605263158
1595,1499,96,2,0.0601880877743
1692,1590,102,2,0.0602836879433
1115,575,540,2,0.484304932735
883,32,851,2,0.9637599094
819,30,789,2,0.96336996337
1673,1601,72,1,0.956963538553
1078,367,711,2,0.659554730983
953,116,837,2,0.878279118573
1539,1520,19,1,0.987654320988
1585,1517,68,1,0.957097791798
1034,111,923,2,0.892649903288
1646,1587,59,1,0.964155528554
1630,1616,14,1,0.991411042945
1573,1533,40,1,0.974570883662
1596,1582,14,1,0.991228070175
1646,1589,57,1,0.965370595383
767,37,730,2,0.951760104302
1736,1616,120,1,0.930875576037
1619,1539,80,1,0.950586781964
1818,1609,209,1,0.88503850385
1428,978,450,2,0.31512605042
834,0,834,2,1.0
1253,478,775,2,0.61851556265
1552,1552,0,1,1.0
1678,1625,53,1,0.968414779499
1668,1539,129,1,0.922661870504
1591,1568,23,1,0.985543683218
1559,1535,24,1,0.984605516357
1624,1608,16,1,0.990147783251
1084,511,573,2,0.528597785978
1700,1669,31,1,0.981764705882
858,0,858,2,1.0
761,7,754,2,0.990801576873
885,9,876,2,0.989830508475
1761,1583,178,1,0.898921067575
1589,1526,63,1,0.960352422907
1566,1556,10,1,0.993614303959
1569,1564,5,1,0.996813256851
1644,1504,140,2,0.0851581508516
990,385,605,2,0.611111111111
1588,1572,16,1,0.989924433249
1765,1582,183,1,0.896317280453
1494,1489,5,1,0.996653279786
1011,17,994,2,0.983184965381
1658,1567,91,1,0.945114595899
1056,384,672,2,0.636363636364
1497,1470,27,1,0.981963927856
1741,1734,7,2,0.0040206777714
1476,1083,393,2,0.266260162602
1563,1486,77,1,0.950735764555
824,0,824,2,1.0
1022,105,917,2,0.897260273973
811,65,746,2,0.919852034525
1708,1629,79,1,0.9537470726
1624,1066,558,2,0.343596059113
1603,1539,64,1,0.960074859638
1654,1572,82,1,0.950423216445
1761,1628,133,1,0.924474730267
892,152,740,2,0.829596412556
1525,1347,178,2,0.116721311475
1789,1440,349,2,0.195081050866
1649,1527,122,2,0.0739842328684
1779,1654,125,1,0.929735806633
1785,1556,229,1,0.871708683473
1317,833,484,2,0.367501898254
1715,1587,128,1,0.925364431487
1544,1460,84,1,0.945595854922
1210,488,722,2,0.596694214876
1656,1559,97,2,0.0585748792271
1363,962,401,2,0.294203961849
1047,356,691,2,0.659980897803
1649,1292,357,2,0.216494845361
1596,1533,63,1,0.960526315789
1596,1596,0,1,1.0
1779,1594,185,1,0.896008993817
1594,1535,59,1,0.962986198243
1597,1540,57,2,0.0356919223544
1638,1582,56,1,0.965811965812
1663,1660,3,2,0.00180396873121
1748,1492,256,2,0.146453089245
1612,1576,36,2,0.0223325062035
1595,1593,2,1,0.998746081505
1607,1583,24,1,0.985065339141
844,14,830,2,0.983412322275
1595,1571,24,2,0.0150470219436
1835,1518,317,1,0.827247956403
1699,1661,38,1,0.977633902295
1081,373,708,2,0.654949121184
957,0,957,2,1.0
1596,1264,332,2,0.208020050125
1593,1568,25,1,0.984306340239
1564,1501,63,1,0.959718670077
1774,1641,133,1,0.925028184893
1740,1478,262,2,0.150574712644
835,2,833,2,0.997604790419
1628,1583,45,2,0.0276412776413
1709,1705,4,2,0.00234055002926
1700,1552,148,1,0.912941176471
1584,1540,44,1,0.972222222222
1640,1608,32,1,0.980487804878
1502,1486,16,1,0.989347536618
880,3,877,2,0.996590909091
1726,1586,140,1,0.91888760139
1658,1620,38,1,0.977080820265
1603,1567,36,1,0.977542108546
1549,1532,17,1,0.989025177534
772,2,770,2,0.997409326425
1691,1568,123,2,0.0727380248374
888,14,874,2,0.984234234234
1463,1161,302,2,0.206425153794
839,2,837,2,0.997616209774
1131,540,591,2,0.522546419098
1697,1638,59,2,0.0347672362994
1768,1577,191,1,0.891968325792
1661,1607,54,1,0.967489464178
1557,1518,39,1,0.974951830443
1528,1528,0,1,1.0
898,49,849,2,0.945434298441
1623,1585,38,2,0.0234134319162
1649,1576,73,1,0.955730745907
1154,331,823,2,0.713171577123
1704,1642,62,1,0.963615023474
1594,1530,64,1,0.959849435383
1541,1541,0,1,1.0
874,3,871,2,0.996567505721
1629,1525,104,1,0.936157151627
1655,1587,68,1,0.958912386707
1680,1525,155,2,0.0922619047619
1606,1271,335,2,0.208592777086
1691,1582,109,1,0.935541099941
1820,1638,182,1,0.9
1704,1552,152,1,0.910798122066
1723,1576,147,2,0.0853163087638
1531,1500,31,1,0.979751796212
1928,1605,323,2,0.167531120332
899,1,898,2,0.998887652948
1613,1544,69,1,0.957222566646
1686,1585,101,2,0.0599051008304
1663,1554,109,2,0.0655441972339
1731,1612,119,1,0.93125361063
799,7,792,2,0.991239048811
1758,1634,124,1,0.929465301479
1762,1613,149,1,0.915437003405
959,65,894,2,0.932221063608
1682,1592,90,1,0.946492271106
1876,1597,279,1,0.851279317697
1678,1549,129,1,0.923122765197
1712,1607,105,1,0.938668224299
1087,308,779,2,0.716651333947
1694,1581,113,1,0.933293978749
1703,1595,108,1,0.936582501468
1651,1519,132,1,0.920048455482
1646,1578,68,1,0.958687727825
806,4,802,2,0.995037220844
1783,1642,141,1,0.920919798093
1602,1547,55,1,0.965667915106
1606,1588,18,1,0.988792029888
1577,1547,30,1,0.98097653773
786,3,783,2,0.996183206107
1595,1538,57,1,0.964263322884
1603,1556,47,1,0.970679975047
834,85,749,2,0.898081534772
871,29,842,2,0.966704936854
1695,1610,85,1,0.949852507375
1593,1567,26,2,0.0163214061519
1583,1515,68,1,0.957043588124
922,11,911,2,0.988069414317
1641,1612,29,1,0.982327848873
836,34,802,2,0.959330143541
1148,269,879,2,0.765679442509
1723,1619,104,1,0.939640162507
1619,1576,43,1,0.973440395306
1554,1537,17,1,0.98906048906
833,0,833,2,1.0
1731,1728,3,2,0.00173310225303
1562,1529,33,1,0.978873239437
1577,1534,43,1,0.972733037413
1727,1669,58,1,0.966415749855
905,1,904,2,0.998895027624
1536,1521,15,1,0.990234375
1552,1459,93,1,0.940077319588
1815,1465,350,2,0.192837465565
1705,1626,79,1,0.95366568915
1554,1537,17,1,0.98906048906
917,11,906,2,0.98800436205
993,235,758,2,0.763343403827
1569,1533,36,2,0.0229445506692
1636,1476,160,1,0.902200488998
852,18,834,2,0.978873239437
1347,753,594,2,0.440979955457
1645,1480,165,2,0.100303951368
1567,1506,61,1,0.961072112317
1690,1663,27,2,0.0159763313609
1705,1586,119,1,0.930205278592
1610,1610,0,1,1.0
1840,1581,259,2,0.140760869565
812,37,775,2,0.954433497537
886,2,884,2,0.997742663657
1579,1508,71,1,0.955034832172
1567,1516,51,1,0.967453733248
824,0,824,2,1.0
1775,1324,451,2,0.254084507042
1620,1618,2,2,0.00123456790123
1799,1653,146,1,0.918843802112
1556,1556,0,1,1.0
868,0,868,2,1.0
1620,1566,54,1,0.966666666667
1812,1606,206,1,0.886313465784
1694,1694,0,2,0.0
1644,1571,73,1,0.955596107056
1758,1451,307,2,0.174630261661
838,27,811,2,0.967780429594
755,6,749,2,0.992052980132
1597,1522,75,1,0.953036944271
1791,1771,20,2,0.0111669458403
1580,1574,6,1,0.996202531646
835,145,690,2,0.826347305389
871,17,854,2,0.980482204363
1674,1605,69,1,0.958781362007
778,1,777,2,0.998714652956
1620,1552,68,1,0.958024691358
1870,1661,209,2,0.111764705882
1620,1582,38,1,0.976543209877
1616,1537,79,1,0.951113861386
851,20,831,2,0.976498237368
882,11,871,2,0.987528344671
1453,730,723,2,0.49759119064
1587,1558,29,2,0.0182734719597
793,76,717,2,0.904161412358
1557,1529,28,1,0.98201669878
795,2,793,2,0.99748427673
843,42,801,2,0.950177935943
1644,1569,75,1,0.954379562044
1665,1589,76,1,0.954354354354
1062,162,900,2,0.847457627119
1063,402,661,2,0.621825023518
1657,1591,66,1,0.960168980084
839,8,831,2,0.990464839094
1679,1410,269,2,0.160214413341
1614,1583,31,1,0.980793060719
912,0,912,2,1.0
984,37,947,2,0.962398373984
1702,1620,82,2,0.048178613396
847,2,845,2,0.997638724911
1421,768,653,2,0.459535538353
1495,1485,10,1,0.993311036789
902,0,902,2,1.0
731,10,721,2,0.986320109439
1612,1582,30,1,0.981389578164
1572,1546,26,1,0.983460559796
817,0,817,2,1.0
932,1,931,2,0.998927038627
1536,1351,185,2,0.120442708333
886,1,885,2,0.998871331828
1756,1590,166,1,0.905466970387
1590,1579,11,2,0.00691823899371
1683,1598,85,1,0.949494949495
1589,1571,18,1,0.988672120831
906,86,820,2,0.905077262693
893,12,881,2,0.986562150056
1617,1617,0,2,0.0
960,50,910,2,0.947916666667
961,0,961,2,1.0
1573,1573,0,1,1.0
1699,1564,135,1,0.920541494997
1688,1563,125,1,0.925947867299
1566,1369,197,2,0.125798212005
1799,1799,0,2,0.0
1609,1521,88,1,0.9453076445
841,0,841,2,1.0
936,18,918,2,0.980769230769
1555,1532,23,1,0.985209003215
1646,1556,90,2,0.0546780072904
1722,1577,145,1,0.915795586527
1888,1638,250,1,0.867584745763
1568,1544,24,2,0.015306122449
1566,1553,13,1,0.991698595147
1559,1559,0,1,1.0
1761,1761,0,2,0.0
1667,1566,101,1,0.939412117576
891,69,822,2,0.922558922559
1661,1606,55,1,0.966887417219
1600,1600,0,1,1.0
1655,1615,40,1,0.97583081571
1614,1581,33,1,0.979553903346
1691,1094,597,2,0.353045535186
1583,1527,56,1,0.964624131396
1691,1596,95,2,0.0561797752809
1625,1580,45,1,0.972307692308
1784,1784,0,2,0.0
1776,1776,0,2,0.0
959,44,915,2,0.954118873827
1493,1479,14,1,0.990622906899
1687,1643,44,1,0.973918197985
1615,1583,32,1,0.980185758514
1611,1598,13,1,0.991930477964
1557,1480,77,1,0.950545921644
1705,1609,96,1,0.943695014663
1417,881,536,2,0.378263937897
1550,1491,59,1,0.961935483871
1213,504,709,2,0.584501236603
1616,1569,47,1,0.970915841584
1567,1516,51,1,0.967453733248
1670,1558,112,1,0.932934131737
1381,617,764,2,0.553222302679
1353,535,818,2,0.60458240946
1657,1641,16,2,0.009656004828
934,54,880,2,0.942184154176
1605,1601,4,1,0.997507788162
864,10,854,2,0.988425925926
1665,1640,25,1,0.984984984985
1340,556,784,2,0.585074626866
1176,348,828,2,0.704081632653
1554,1544,10,1,0.993564993565
1354,827,527,2,0.389217134417
1611,1400,211,2,0.130974549969
1813,1578,235,1,0.870380584666
1581,1581,0,1,1.0
1602,1561,41,1,0.974406991261
1652,1576,76,1,0.953995157385
1625,1612,13,1,0.992
1166,514,652,2,0.559176672384
1687,1657,30,1,0.982216953171
1730,1664,66,2,0.0381502890173
1667,1592,75,2,0.0449910017996
1744,1534,210,1,0.879587155963
1579,1547,32,1,0.979734008866
1370,981,389,2,0.283941605839
1598,1502,96,1,0.939924906133
1583,1570,13,1,0.991787744788
1704,1619,85,2,0.049882629108
1628,1628,0,1,1.0
1403,1071,332,2,0.23663578047
889,13,876,2,0.985376827897
1588,1542,46,1,0.971032745592
1817,1486,331,2,0.182168409466
937,104,833,2,0.889007470651
1605,1581,24,1,0.985046728972
861,48,813,2,0.94425087108
1711,1627,84,1,0.950905902981
1699,1553,146,1,0.914067098293
1637,1610,27,1,0.983506414172
1705,1604,101,1,0.940762463343
888,4,884,2,0.995495495495
1649,1600,49,1,0.970285021225
927,40,887,2,0.956850053937
901,167,734,2,0.814650388457
1065,239,826,2,0.77558685446
1603,1554,49,1,0.96943231441
1706,1611,95,1,0.944314185229
1541,1509,32,2,0.0207657365347
1005,199,806,2,0.801990049751
890,0,890,2,1.0
1652,1459,193,2,0.116828087167
1517,1251,266,2,0.175346077785
1485,953,532,2,0.358249158249
1616,1573,43,1,0.973391089109
1594,1578,16,2,0.0100376411543
1640,1629,11,1,0.993292682927
1695,1647,48,1,0.971681415929
1752,1602,150,1,0.914383561644
1742,1594,148,1,0.915040183697
1670,1596,74,1,0.955688622754
1554,1554,0,1,1.0
1522,1159,363,2,0.238501971091
1709,1592,117,1,0.931538911644
1618,1559,59,1,0.963535228677
917,120,797,2,0.869138495093
1599,1529,70,1,0.956222639149
1565,1565,0,1,1.0
1666,1570,96,1,0.94237695078
1692,1598,94,2,0.0555555555556
1376,795,581,2,0.422238372093
1648,1506,142,1,0.913834951456
1637,1567,70,1,0.957238851558
1639,1567,72,2,0.0439292251373
1752,1747,5,2,0.00285388127854
1253,848,405,2,0.323224261772
1592,1580,12,1,0.992462311558
1691,1631,60,1,0.964518036665
1684,1556,128,1,0.923990498812
1719,1621,98,1,0.942990110529
847,2,845,2,0.997638724911
1651,1612,39,2,0.0236220472441
1688,1594,94,1,0.944312796209
721,0,721,2,1.0
1399,929,470,2,0.335954253038
1761,1591,170,2,0.0965360590574
1722,1513,209,1,0.878629500581
1826,1284,542,2,0.296823658269
1726,1569,157,1,0.909038238702
916,10,906,2,0.989082969432
1603,1586,17,1,0.989394884591
1583,1583,0,2,0.0
759,2,757,2,0.997364953887
1704,1612,92,1,0.946009389671
1708,1615,93,1,0.945550351288
1669,1660,9,1,0.994607549431
1542,1232,310,2,0.201037613489
1680,1561,119,1,0.929166666667
706,22,684,2,0.968838526912
1640,1610,30,1,0.981707317073
1813,1524,289,2,0.159404302261
1181,533,648,2,0.548687552921
1667,1580,87,1,0.947810437912
838,8,830,2,0.990453460621
1726,1631,95,1,0.944959443801
1683,1607,76,1,0.954842543078
1381,738,643,2,0.465604634323
1696,1626,70,1,0.958726415094
1667,1513,154,1,0.907618476305
1724,1562,162,1,0.906032482599
1591,1538,53,1,0.96668761785
1594,1560,34,2,0.0213299874529
879,26,853,2,0.970420932878
1734,1628,106,1,0.938869665513
815,10,805,2,0.98773006135
1671,1576,95,1,0.943147815679
1701,1585,116,1,0.931804820694
867,15,852,2,0.982698961938
1522,1203,319,2,0.209592641261
1793,1653,140,1,0.921918572225
1631,1357,274,2,0.167995095034
1726,1596,130,2,0.0753186558517
1713,1582,131,1,0.923525977817
889,0,889,2,1.0
991,1,990,2,0.998990918264
962,295,667,2,0.693347193347
900,8,892,2,0.991111111111
1705,1533,172,1,0.899120234604
1403,1063,340,2,0.24233784747
1622,1618,4,2,0.00246609124538
903,3,900,2,0.996677740864
1550,1535,15,1,0.990322580645
1705,1575,130,1,0.923753665689
1576,1541,35,1,0.977791878173
1612,1566,46,1,0.971464019851
937,0,937,2,1.0
1680,1569,111,1,0.933928571429
801,0,801,2,1.0
1843,1638,205,1,0.888768312534
1635,1595,40,1,0.975535168196
1516,1515,1,1,0.999340369393
1240,865,375,2,0.302419354839
910,99,811,2,0.891208791209
1765,1629,136,1,0.922946175637
1551,1356,195,2,0.125725338491
1500,1480,20,1,0.986666666667
1423,1000,423,2,0.297259311314
1623,1606,17,1,0.989525569932
1688,1623,65,1,0.961492890995
1752,1180,572,2,0.326484018265
949,248,701,2,0.738672286617
1575,1563,12,1,0.992380952381
1024,236,788,2,0.76953125
1637,1603,34,1,0.979230299328
1578,1548,30,1,0.980988593156
1714,1673,41,1,0.976079346558
1654,1552,102,1,0.938331318017
1636,1521,115,2,0.070293398533
1741,1584,157,1,0.909821941413
1569,1568,1,2,0.0006373486297
802,3,799,2,0.996259351621
1624,1579,45,1,0.972290640394
1588,1460,128,2,0.080604534005
935,0,935,2,1.0
1599,1536,63,1,0.960600375235
1677,1677,0,2,0.0
930,8,922,2,0.991397849462
1679,1588,91,1,0.945801072067
908,0,908,2,1.0
1663,1574,89,1,0.946482260974
1637,1563,74,1,0.954795357361
1788,1578,210,1,0.88255033557
846,0,846,2,1.0
1610,1557,53,1,0.967080745342
874,0,874,2,1.0
853,15,838,2,0.982415005862
1687,1583,104,1,0.938352104327
940,118,822,2,0.874468085106
1506,1493,13,1,0.991367861886
1629,1629,0,2,0.0
1624,1570,54,1,0.966748768473
1584,1579,5,1,0.996843434343
1773,1551,222,1,0.874788494078
767,0,767,2,1.0
1664,1546,118,1,0.929086538462
850,2,848,2,0.997647058824
951,9,942,2,0.990536277603
1615,1584,31,1,0.98080495356
1164,445,719,2,0.617697594502
887,20,867,2,0.977452085682
1251,832,419,2,0.334932054357
1009,240,769,2,0.762140733399
1706,1656,50,2,0.0293083235639
1636,1588,48,1,0.970660146699
732,11,721,2,0.984972677596
1582,1564,18,1,0.988621997472
1620,1560,60,1,0.962962962963
822,4,818,2,0.995133819951
1730,1633,97,1,0.943930635838
1680,1504,176,1,0.895238095238
1625,1618,7,1,0.995692307692
805,29,776,2,0.96397515528
1605,1489,116,2,0.0722741433022
1821,1538,283,1,0.84459088413
1645,1639,6,1,0.996352583587
1755,1560,195,1,0.888888888889
1657,1583,74,1,0.95534097767
1542,1526,16,1,0.98962386511
1680,1680,0,2,0.0
1815,1588,227,1,0.874931129477
917,47,870,2,0.948745910578
1658,1558,100,1,0.939686369119
1631,1334,297,2,0.182096873084
1637,1619,18,2,0.0109957238852
1541,1541,0,1,1.0
1831,1333,498,2,0.271982523211
1548,1512,36,1,0.976744186047
915,11,904,2,0.987978142077
1687,1603,84,1,0.95020746888
1656,1529,127,1,0.923309178744
1656,1566,90,2,0.054347826087
887,3,884,2,0.996617812852
1674,1586,88,1,0.94743130227
877,10,867,2,0.988597491448
1698,1614,84,1,0.950530035336
1600,1563,37,1,0.976875
1664,1558,106,1,0.936298076923
1732,1616,116,2,0.066974595843
1862,1581,281,2,0.150912996778
1822,1609,213,1,0.883095499451
1558,1551,7,1,0.995507060334
895,15,880,2,0.983240223464
1553,1467,86,1,0.944623309723
1611,1558,53,1,0.967101179392
1691,1527,164,2,0.0969840331165
1564,1539,25,2,0.0159846547315
1707,1566,141,1,0.917398945518
1717,1575,142,1,0.917297612114
1636,1587,49,1,0.970048899756
862,58,804,2,0.932714617169
1813,1575,238,1,0.868725868726
905,0,905,2,1.0
1637,1557,80,1,0.951130116066
1604,1524,80,1,0.950124688279
1801,1596,205,1,0.886174347585
1005,204,801,2,0.797014925373
1592,1537,55,1,0.965452261307
835,9,826,2,0.989221556886
1443,1168,275,2,0.190575190575
829,1,828,2,0.998793727382
1752,1591,161,2,0.0918949771689
1106,440,666,2,0.602169981917
1602,1545,57,1,0.964419475655
1462,1110,352,2,0.240766073871
1703,1636,67,1,0.960657662948
1688,1613,75,1,0.955568720379
1646,1604,42,1,0.974483596598
1683,1620,63,2,0.0374331550802
893,180,713,2,0.79843225084
1702,1564,138,1,0.918918918919
807,4,803,2,0.995043370508
1584,1567,17,1,0.989267676768
1683,1571,112,1,0.933452168746
1637,1409,228,2,0.139279169212
1752,1593,159,1,0.909246575342
1758,1758,0,2,0.0
1739,1631,108,2,0.0621046578493
1652,1570,82,1,0.950363196126
1545,1470,75,1,0.95145631068
1608,1505,103,1,0.935945273632
822,33,789,2,0.959854014599
1626,1554,72,1,0.955719557196
841,0,841,2,1.0
1536,1511,25,1,0.983723958333
1641,1571,70,1,0.957343083486
1616,1565,51,2,0.0315594059406
1628,1563,65,1,0.960073710074
1698,1596,102,1,0.939929328622
1581,1524,57,1,0.96394686907
1722,1235,487,2,0.28281068525
1689,1566,123,1,0.927175843694
814,3,811,2,0.996314496314
1688,1598,90,1,0.946682464455
1745,1487,258,2,0.147851002865
1594,1585,9,1,0.994353826851
1646,1543,103,1,0.937424058323
1613,1561,52,1,0.967761934284
1192,697,495,2,0.415268456376
1609,1602,7,1,0.995649471722
732,14,718,2,0.98087431694
831,2,829,2,0.997593261131
1763,1763,0,2,0.0
1798,1587,211,1,0.882647385984
1576,1468,108,2,0.0685279187817
1548,1548,0,1,1.0
988,128,860,2,0.87044534413
820,5,815,2,0.993902439024
900,1,899,2,0.998888888889
1546,1511,35,1,0.977360931436
1627,1554,73,2,0.0448678549478
1594,1529,65,1,0.959222082811
1577,1560,17,1,0.989220038047
849,2,847,2,0.997644287397
895,0,895,2,1.0
1581,1581,0,1,1.0
1825,1825,0,2,0.0
871,0,871,2,1.0
849,54,795,2,0.936395759717
1794,1589,205,1,0.885730211817
1640,1567,73,1,0.955487804878
860,12,848,2,0.986046511628
1710,1593,117,1,0.931578947368
1345,917,428,2,0.318215613383
1506,1024,482,2,0.32005312085
1373,952,421,2,0.306627822287
1562,1489,73,1,0.953265044814
1584,1574,10,1,0.993686868687
1654,1542,112,1,0.932285368803
1858,1528,330,2,0.177610333692
836,1,835,2,0.998803827751
1558,1533,25,1,0.983953786906
852,8,844,2,0.990610328638
1724,1628,96,1,0.944315545244
1727,1639,88,1,0.949044585987
868,1,867,2,0.998847926267
1664,1621,43,1,0.974158653846
1624,1588,36,2,0.0221674876847
1688,1626,62,1,0.96327014218
1815,1815,0,2,0.0
1608,1577,31,1,0.980721393035
1598,1576,22,1,0.986232790989
1639,1608,31,2,0.0189139719341
1659,1531,128,2,0.077154912598
1762,1660,102,1,0.94211123723
1521,1514,7,1,0.995397764629
1492,1465,27,1,0.981903485255
1012,263,749,2,0.740118577075
1724,1621,103,2,0.0597447795824
828,16,812,2,0.980676328502
1620,1620,0,1,1.0
1578,1555,23,1,0.985424588086
1504,1494,10,1,0.99335106383
1663,1490,173,1,0.8959711365
1581,1523,58,1,0.963314358001
1943,1748,195,1,0.899639732373
1622,1531,91,1,0.943896424168
1640,1555,85,1,0.948170731707
985,189,796,2,0.808121827411
1676,1583,93,1,0.944510739857
1574,751,823,2,0.522871664549
1653,1653,0,2,0.0
1518,1518,0,1,1.0
991,27,964,2,0.972754793138
1685,1685,0,2,0.0
1728,1665,63,2,0.0364583333333
1613,1557,56,1,0.965282083075
1246,782,464,2,0.372391653291
804,5,799,2,0.993781094527
1604,1584,20,1,0.98753117207
1779,1621,158,2,0.088813940416
1719,1632,87,1,0.949389179756
1558,1532,26,1,0.983311938383
1797,1571,226,1,0.874234835838
1627,1627,0,1,1.0
1655,1603,52,1,0.968580060423
1609,1586,23,1,0.985705407085
1671,1670,1,2,0.000598444045482
1778,1632,146,1,0.917885264342
837,42,795,2,0.94982078853
1602,1572,30,1,0.98127340824
984,133,851,2,0.864837398374
810,60,750,2,0.925925925926
812,32,780,2,0.960591133005
796,33,763,2,0.958542713568
892,57,835,2,0.936098654709
1803,1330,473,2,0.262340543539
1862,1576,286,2,0.153598281418
1599,1544,55,1,0.965603502189
1284,711,573,2,0.446261682243
1770,1643,127,1,0.928248587571
884,10,874,2,0.988687782805
1027,309,718,2,0.699123661149
1617,1580,37,1,0.977118119975
1577,1536,41,1,0.974001268231
850,5,845,2,0.994117647059
1737,1737,0,2,0.0
1592,1566,26,1,0.983668341709
973,46,927,2,0.952723535457
1675,1474,201,2,0.12
1588,1570,18,1,0.988664987406
803,0,803,2,1.0
902,71,831,2,0.921286031042
843,10,833,2,0.988137603796
1618,1565,53,1,0.967243510507
1734,1734,0,2,0.0
1603,1603,0,2,0.0
874,57,817,2,0.934782608696
902,22,880,2,0.975609756098
1612,1612,0,1,1.0
1521,1521,0,1,1.0
1528,1527,1,1,0.999345549738
1750,1599,151,1,0.913714285714
1726,1587,139,1,0.919466975666
927,64,863,2,0.9309600863
831,2,829,2,0.997593261131
910,12,898,2,0.986813186813
1591,1527,64,1,0.959773727216
1591,1490,101,1,0.936517913262
1623,1464,159,2,0.097966728281
1575,1575,0,1,1.0
894,2,892,2,0.997762863535
1777,1607,170,2,0.0956668542487
995,90,905,2,0.909547738693
1758,1307,451,2,0.25654152446
1399,1136,263,2,0.187991422445
824,1,823,2,0.998786407767
868,12,856,2,0.986175115207
938,10,928,2,0.98933901919
1599,1582,17,1,0.989368355222
1619,1536,83,1,0.948733786288
876,1,875,2,0.998858447489
1225,548,677,2,0.552653061224
1642,1545,97,1,0.940925700365
1585,1565,20,1,0.98738170347
843,57,786,2,0.932384341637
830,13,817,2,0.984337349398
1732,1625,107,1,0.938221709007
1785,1602,183,1,0.897478991597
1556,1543,13,1,0.991645244216
1130,401,729,2,0.645132743363
1754,1754,0,2,0.0
1829,1545,284,2,0.155276107162
1262,606,656,2,0.519809825674
1700,1609,91,1,0.946470588235
1679,1530,149,1,0.911256700417
1658,1564,94,1,0.943305186972
1543,1526,17,1,0.98898250162
1618,1589,29,1,0.982076637824
1636,1520,116,2,0.0709046454768
834,2,832,2,0.997601918465
1790,1790,0,2,0.0
912,0,912,2,1.0
1516,1508,8,1,0.994722955145
1020,304,716,2,0.701960784314
755,14,741,2,0.981456953642
1787,1575,212,1,0.8813654169
1666,1577,89,1,0.946578631453
746,1,745,2,0.998659517426
1884,1255,629,2,0.333864118896
899,55,844,2,0.938820912125
1583,1559,24,1,0.984838913455
831,9,822,2,0.98916967509
848,4,844,2,0.995283018868
1563,1488,75,2,0.0479846449136
1652,1629,23,1,0.98607748184
1749,1530,219,1,0.874785591767
876,0,876,2,1.0
1532,1522,10,2,0.0065274151436
1622,1577,45,1,0.97225647349
1640,1572,68,1,0.958536585366
1641,1544,97,1,0.940889701402
1616,1555,61,1,0.962252475248
918,0,918,2,1.0
1759,1711,48,2,0.02728823195
1648,1607,41,1,0.975121359223
1611,1561,50,1,0.968963376785
1711,1579,132,1,0.922852133255
1586,1531,55,1,0.965321563682
1750,1619,131,1,0.925142857143
1695,1579,116,1,0.931563421829
931,12,919,2,0.987110633727
1564,1551,13,1,0.99168797954
1660,1646,14,1,0.99156626506
1535,1524,11,1,0.992833876221
795,65,730,2,0.918238993711
1051,231,820,2,0.780209324453
922,39,883,2,0.957700650759
1554,1511,43,1,0.972329472329
1807,1625,182,1,0.89928057554
769,2,767,2,0.997399219766
1625,1597,28,2,0.0172307692308
1538,1538,0,1,1.0
1268,831,437,2,0.344637223975
1713,1570,143,1,0.916520723876
963,75,888,2,0.922118380062
829,5,824,2,0.993968636912
896,5,891,2,0.994419642857
1703,1574,129,1,0.924251321198
1803,1326,477,2,0.26455906822
1679,1679,0,2,0.0
1665,1499,166,2,0.0996996996997
918,2,916,2,0.997821350763
796,8,788,2,0.989949748744
1602,1546,56,1,0.965043695381
906,64,842,2,0.9293598234
885,13,872,2,0.985310734463
1732,1624,108,1,0.937644341801
1606,1552,54,1,0.966376089664
1690,1593,97,1,0.942603550296
1822,1400,422,2,0.231613611416
1170,323,847,2,0.723931623932
1640,1524,116,2,0.0707317073171
876,70,806,2,0.920091324201
1545,1509,36,1,0.976699029126
989,108,881,2,0.890798786653
1704,1583,121,1,0.928990610329
921,18,903,2,0.980456026059
877,0,877,2,1.0
1176,658,518,2,0.440476190476
856,0,856,2,1.0
1660,1603,57,1,0.965662650602
1665,1579,86,1,0.948348348348
1594,1547,47,1,0.970514429109
1557,1440,117,2,0.0751445086705
1588,1541,47,1,0.97040302267
1582,1559,23,1,0.985461441214
1534,1523,11,1,0.992829204694
1597,1597,0,1,1.0
1636,1624,12,1,0.992665036675
1694,1625,69,2,0.0407319952774
1506,1495,11,1,0.992695883134
1652,1567,85,1,0.948547215496
1587,1580,7,1,0.995589161941
1587,1584,3,1,0.998109640832
1274,427,847,2,0.664835164835
1717,1600,117,1,0.931857891672
1372,796,576,2,0.419825072886
1735,1597,138,1,0.920461095101
1621,1594,27,1,0.983343615052
1654,1536,118,1,0.928657799274
845,4,841,2,0.995266272189
1617,1566,51,1,0.968460111317
1663,1572,91,1,0.945279615153
931,182,749,2,0.804511278195
1769,1422,347,2,0.19615602035
1499,1452,47,1,0.968645763843
1724,1547,177,1,0.897331786543
1635,1562,73,1,0.955351681957
1598,1578,20,1,0.987484355444
862,0,862,2,1.0
867,11,856,2,0.987312572088
1547,1547,0,1,1.0
1745,1643,102,1,0.941547277937
793,0,793,2,1.0
1657,1601,56,1,0.966203983102
1630,1582,48,1,0.970552147239
1627,1535,92,1,0.943454210203
842,22,820,2,0.973871733967
1537,1146,391,2,0.254391672088
1593,1578,15,1,0.990583804143
1577,1577,0,1,1.0
1811,1636,175,1,0.903368304804
915,0,915,2,1.0
1720,1578,142,1,0.917441860465
1659,1609,50,1,0.969861362266
884,1,883,2,0.998868778281
949,26,923,2,0.972602739726
1635,1529,106,1,0.935168195719
820,0,820,2,1.0
1806,1806,0,2,0.0
886,0,886,2,1.0
799,4,795,2,0.994993742178
779,0,779,2,1.0
1158,358,800,2,0.690846286701
1538,1535,3,1,0.998049414824
1749,1534,215,2,0.122927387078
942,124,818,2,0.868365180467
1707,1632,75,1,0.956063268893
1673,1466,207,2,0.123729826659
1553,1553,0,1,1.0
1680,1680,0,2,0.0
1562,1544,18,1,0.98847631242
1235,291,944,2,0.764372469636
953,103,850,2,0.891920251836
1660,1623,37,1,0.977710843373
1492,1203,289,2,0.193699731903
885,0,885,2,1.0
1232,645,587,2,0.476461038961
1590,1583,7,1,0.995597484277
1699,1641,58,1,0.965862271925
1604,1570,34,1,0.978802992519
1574,1565,9,1,0.994282083863
798,0,798,2,1.0
1706,1563,143,1,0.916178194607
1536,1536,0,1,1.0
862,56,806,2,0.935034802784
1549,1531,18,1,0.988379599742
1268,686,582,2,0.458990536278
1749,1537,212,2,0.121212121212
1675,1636,39,1,0.97671641791
1509,1509,0,1,1.0
1589,1565,24,1,0.984896161108
955,31,924,2,0.967539267016
1802,1619,183,1,0.898446170921
1625,1571,54,1,0.966769230769
1608,1561,47,1,0.970771144279
877,0,877,2,1.0
823,3,820,2,0.996354799514
1627,1599,28,1,0.982790411801
1750,1624,126,1,0.928
831,12,819,2,0.985559566787
1553,1524,29,2,0.0186735350934
1565,1510,55,2,0.0351437699681
1663,1634,29,1,0.982561635598
1686,1604,82,1,0.951364175563
958,83,875,2,0.913361169102
851,24,827,2,0.971797884841
1169,428,741,2,0.633875106929
770,7,763,2,0.990909090909
903,1,902,2,0.998892580288
1621,1540,81,1,0.950030845157
1542,1542,0,1,1.0
1753,1648,105,1,0.940102681118
1170,656,514,2,0.439316239316
1699,1589,110,1,0.935256032961
1642,1618,24,2,0.0146163215591
1600,1537,63,1,0.960625
802,1,801,2,0.998753117207
950,23,927,2,0.975789473684
1617,1494,123,1,0.923933209647
1652,1636,16,1,0.990314769976
1632,1517,115,1,0.929534313725
1075,483,592,2,0.550697674419
1845,1641,204,1,0.889430894309
938,140,798,2,0.850746268657
1666,1010,656,2,0.393757503001
1663,1654,9,2,0.00541190619363
1561,1488,73,1,0.953235105701
1679,1555,124,2,0.0738534842168
1544,1384,160,2,0.103626943005
984,48,936,2,0.951219512195
1703,1593,110,1,0.935408103347
1681,1673,8,2,0.00475907198096
1590,1557,33,1,0.979245283019
1776,1670,106,1,0.940315315315
1638,1557,81,1,0.950549450549
1726,1589,137,1,0.920625724218
1645,1536,109,1,0.933738601824
1478,899,579,2,0.391745602165
825,0,825,2,1.0
1679,1610,69,1,0.958904109589
1766,1612,154,1,0.912797281993
902,36,866,2,0.960088691796
1623,1540,83,1,0.948860135551
1644,1494,150,1,0.908759124088
1639,1606,33,1,0.979865771812
1620,1500,120,1,0.925925925926
1656,1631,25,1,0.984903381643
825,0,825,2,1.0
881,41,840,2,0.953461975028
1571,1517,54,1,0.965626989179
904,20,884,2,0.977876106195
1598,1584,14,1,0.991239048811
1455,887,568,2,0.390378006873
957,27,930,2,0.971786833856
1618,1582,36,1,0.977750309023
1702,1586,116,1,0.931844888367
813,3,810,2,0.9963099631
1550,1506,44,1,0.971612903226
844,152,692,2,0.81990521327
1692,1611,81,2,0.0478723404255
1636,1544,92,1,0.943765281174
1311,904,407,2,0.310450038139
1685,1576,109,2,0.0646884272997
916,2,914,2,0.997816593886
1819,1623,196,1,0.89224848818
1713,1652,61,1,0.964389959136
1502,1471,31,1,0.979360852197
1821,1534,287,1,0.842394288852
1612,1577,35,1,0.978287841191
890,11,879,2,0.987640449438
1755,1484,271,2,0.154415954416
1637,1510,127,2,0.0775809407453
1671,1601,70,1,0.958108916816
1696,1525,171,1,0.899174528302
784,6,778,2,0.992346938776
1733,1590,143,2,0.0825158684362
1601,1510,91,1,0.943160524672
1694,1609,85,1,0.949822904368
1526,1341,185,2,0.12123197903
1581,1578,3,1,0.998102466793
844,96,748,2,0.886255924171
901,79,822,2,0.912319644839
1435,992,443,2,0.308710801394
1571,1556,15,1,0.990451941439
1633,1534,99,2,0.0606246172688
1634,1561,73,1,0.955324357405
1633,1562,71,1,0.95652173913
1500,1486,14,1,0.990666666667
1534,1532,2,1,0.998696219035
1505,1500,5,1,0.996677740864
1872,1579,293,1,0.843482905983
829,49,780,2,0.940892641737
1716,1573,143,1,0.916666666667
905,1,904,2,0.998895027624
793,1,792,2,0.998738965952
1576,1560,16,1,0.989847715736
1589,1311,278,2,0.174952800503
1666,1514,152,1,0.908763505402
1669,1605,64,1,0.961653684841
1820,1637,183,1,0.899450549451
878,2,876,2,0.997722095672
1650,1547,103,2,0.0624242424242
873,67,806,2,0.923253150057
862,29,833,2,0.966357308585
1517,1493,24,1,0.984179301252
1755,1562,193,1,0.890028490028
915,2,913,2,0.99781420765
1157,523,634,2,0.547968885048
926,28,898,2,0.969762419006
840,3,837,2,0.996428571429
1691,1556,135,1,0.920165582496
1693,1618,75,2,0.0443000590667
1577,1563,14,1,0.991122384274
1726,1726,0,2,0.0
817,10,807,2,0.987760097919
1738,1738,0,2,0.0
861,1,860,2,0.998838559814
772,0,772,2,1.0
843,25,818,2,0.97034400949
809,19,790,2,0.97651421508
1595,1577,18,1,0.988714733542
1619,1560,59,2,0.0364422483014
1629,1625,4,1,0.997544505832
1666,1650,16,2,0.00960384153661
1550,1514,36,1,0.976774193548
1729,1626,103,2,0.0595720069404
1766,1613,153,1,0.913363533409
1781,1780,1,2,0.000561482313307
1707,1553,154,2,0.0902167545401
825,12,813,2,0.985454545455
821,112,709,2,0.863580998782
1627,1549,78,2,0.0479409956976
1720,1576,144,1,0.916279069767
1392,974,418,2,0.300287356322
1783,1630,153,1,0.914189568144
1545,1542,3,2,0.00194174757282
887,2,885,2,0.997745208568
1603,1597,6,1,0.996257018091
1536,1533,3,1,0.998046875
1203,555,648,2,0.538653366584
1701,1584,117,1,0.931216931217
1602,1601,1,1,0.999375780275
1818,1661,157,1,0.913641364136
1636,1567,69,1,0.95782396088
1620,1576,44,1,0.972839506173
809,10,799,2,0.987639060569
1774,1611,163,1,0.908117249154
1733,1596,137,1,0.920946335834
1697,1633,64,1,0.962286387743
1582,1525,57,1,0.96396965866
1558,1558,0,1,1.0
912,52,860,2,0.94298245614
1563,1541,22,1,0.985924504159
1974,1611,363,2,0.183890577508
1663,1560,103,2,0.0619362597715
1039,168,871,2,0.838306063523
1119,494,625,2,0.558534405719
1656,1632,24,2,0.0144927536232
837,17,820,2,0.979689366786
1347,585,762,2,0.56570155902
1660,1155,505,2,0.30421686747
1660,1620,40,1,0.975903614458
1711,1576,135,1,0.921098772648
1833,1570,263,1,0.856519367158
727,12,715,2,0.983493810179
1745,1571,174,2,0.0997134670487
1653,1600,53,2,0.0320629159105
955,54,901,2,0.943455497382
1533,1533,0,1,1.0
633,1,632,2,0.998420221169
858,1,857,2,0.998834498834
1698,1639,59,1,0.965253239105
1008,151,857,2,0.850198412698
1726,1648,78,2,0.045191193511
915,6,909,2,0.993442622951
1579,1579,0,1,1.0
1649,1553,96,1,0.941782898727
1454,610,844,2,0.580467675378
1818,1613,205,1,0.887238723872
1597,1559,38,1,0.976205385097
1708,1603,105,1,0.938524590164
1722,1613,109,2,0.0632984901278
1630,1573,57,1,0.965030674847
1668,1561,107,2,0.0641486810552
1534,1523,11,1,0.992829204694
1675,1623,52,1,0.968955223881
914,3,911,2,0.996717724289
1722,1597,125,2,0.0725900116144
1550,1544,6,1,0.996129032258
1795,1591,204,1,0.88635097493
1661,1595,66,1,0.960264900662
873,0,873,2,1.0
1823,1586,237,1,0.869994514536
732,0,732,2,1.0
1620,1515,105,1,0.935185185185
877,12,865,2,0.986316989738
1484,1066,418,2,0.28167115903
801,4,797,2,0.995006242197
1447,1032,415,2,0.286800276434
1586,1562,24,1,0.984867591425
816,3,813,2,0.996323529412
1573,1536,37,1,0.976478067387
922,91,831,2,0.901301518438
845,22,823,2,0.973964497041
1628,1555,73,1,0.95515970516
1636,1636,0,2,0.0
788,2,786,2,0.997461928934
1541,1525,16,1,0.989617131733
967,41,926,2,0.957600827301
1790,1540,250,1,0.860335195531
868,0,868,2,1.0
784,0,784,2,1.0
1724,1618,106,1,0.938515081206
1571,1569,2,1,0.998726925525
1514,749,765,2,0.505284015852
809,4,805,2,0.995055624227
1666,1609,57,2,0.0342136854742
1605,1567,38,1,0.976323987539
892,82,810,2,0.908071748879
1509,1480,29,1,0.980781974818
1536,1498,38,1,0.975260416667
1636,1579,57,1,0.965158924205
1561,1561,0,1,1.0
783,18,765,2,0.977011494253
1685,1511,174,1,0.896735905045
1714,1624,90,1,0.947491248541
1610,1533,77,1,0.952173913043
1632,1615,17,1,0.989583333333
1796,1622,174,1,0.903118040089
1602,1552,50,1,0.968789013733
1802,1531,271,2,0.15038845727
1497,1277,220,2,0.146960587842
1503,1501,2,1,0.998669328011
819,0,819,2,1.0
1619,1569,50,1,0.969116738728
867,6,861,2,0.993079584775
895,27,868,2,0.969832402235
1622,1596,26,2,0.0160295930949
2000,1661,339,1,0.8305
1643,1584,59,1,0.964090079124
1474,1466,8,1,0.994572591588
783,3,780,2,0.996168582375
823,73,750,2,0.911300121507
1707,1707,0,2,0.0
1569,1568,1,1,0.99936265137
915,4,911,2,0.995628415301
1591,1540,51,1,0.967944688875
1698,1583,115,1,0.932273262662
1756,1612,144,1,0.917995444191
1727,1613,114,1,0.933989577302
1642,1514,128,1,0.922046285018
1682,1619,63,1,0.962544589774
1685,1609,76,1,0.954896142433
1712,1590,122,1,0.928738317757
1702,1571,131,2,0.0769682726204
1666,1589,77,1,0.953781512605
895,13,882,2,0.985474860335
861,7,854,2,0.991869918699
935,8,927,2,0.991443850267
1002,310,692,2,0.690618762475
841,59,782,2,0.929845422117
1604,1552,52,1,0.967581047382
1625,1583,42,1,0.974153846154
1666,1554,112,1,0.932773109244
1741,1636,105,1,0.939689833429
903,73,830,2,0.919158361019
1653,1536,117,1,0.929219600726
907,1,906,2,0.998897464168
1738,1559,179,1,0.897008055236
1471,791,680,2,0.462270564242
1547,1536,11,1,0.992889463478
1595,1585,10,1,0.993730407524
1717,1595,122,1,0.92894583576
1603,1558,45,1,0.971927635683
1639,1474,165,1,0.89932885906
1597,1576,21,1,0.986850344396
1716,1602,114,2,0.0664335664336
1542,1504,38,1,0.975356679637
1499,1499,0,1,1.0
870,86,784,2,0.901149425287
1826,1593,233,1,0.872398685652
1615,1543,72,1,0.955417956656
975,85,890,2,0.912820512821
959,8,951,2,0.991657977059
1103,456,647,2,0.586582048957
1266,504,762,2,0.601895734597
1567,1555,12,1,0.992342054882
1586,1575,11,1,0.993064312736
1671,1538,133,1,0.920406941951
1554,1506,48,1,0.969111969112
1868,1530,338,2,0.180942184154
987,111,876,2,0.887537993921
1571,1523,48,1,0.969446212603
1914,1597,317,1,0.834378265413
1070,383,687,2,0.642056074766
957,196,761,2,0.795193312435
1090,610,480,2,0.440366972477
1777,1581,196,1,0.889701744513
1570,1542,28,1,0.982165605096
1606,1532,74,1,0.953922789539
1262,848,414,2,0.328050713154
725,9,716,2,0.987586206897
1738,1455,283,2,0.162830840046
1623,1599,24,1,0.985212569316
1558,1528,30,1,0.980744544288
810,28,782,2,0.965432098765
1629,1560,69,1,0.957642725599
1582,1553,29,1,0.981668773704
1772,1771,1,2,0.000564334085779
1661,1604,57,1,0.965683323299
1577,1534,43,1,0.972733037413
1277,488,789,2,0.617854346124
834,5,829,2,0.994004796163
1670,1590,80,2,0.0479041916168
1666,1626,40,2,0.0240096038415
1502,1500,2,1,0.998668442077
1537,1532,5,1,0.996746909564
1672,1600,72,1,0.956937799043
1618,1510,108,2,0.0667490729295
1515,1504,11,2,0.00726072607261
810,0,810,2,1.0
863,71,792,2,0.917728852839
956,69,887,2,0.927824267782
758,4,754,2,0.994722955145
1558,1558,0,1,1.0
1580,1529,51,1,0.967721518987
1623,1511,112,1,0.930991990142
786,31,755,2,0.960559796438
1742,1595,147,1,0.91561423651
1729,1549,180,2,0.104106419896
1610,1539,71,1,0.955900621118
1618,1579,39,1,0.975896168109
1689,1580,109,1,0.935464772054
1682,1559,123,1,0.926872770511
1684,1597,87,1,0.948337292162
1612,1520,92,1,0.942928039702
1600,1600,0,2,0.0
1618,1604,14,1,0.991347342398
1128,539,589,2,0.522163120567
798,0,798,2,1.0
1553,1553,0,2,0.0
1640,1568,72,1,0.956097560976
1685,1544,141,1,0.916320474777
1615,1591,24,1,0.985139318885
1142,484,658,2,0.576182136602
1601,1569,32,1,0.980012492192
903,15,888,2,0.983388704319
1738,1564,174,2,0.100115074799
1665,1569,96,1,0.942342342342
1842,1635,207,1,0.887622149837
1613,1521,92,1,0.942963422195
1592,1573,19,1,0.988065326633
1688,1592,96,1,0.943127962085
1632,1593,39,1,0.976102941176
1707,1559,148,2,0.0867018160516
1665,1594,71,1,0.957357357357
1626,1550,76,1,0.953259532595
1660,1571,89,2,0.0536144578313
1644,1567,77,1,0.953163017032
1704,1567,137,1,0.919600938967
962,231,731,2,0.759875259875
1604,1604,0,1,1.0
1690,1527,163,2,0.096449704142
1723,1723,0,2,0.0
1576,1576,0,1,1.0
1661,1577,84,1,0.949428055388
1565,1533,32,1,0.979552715655
1611,1532,79,1,0.95096213532
932,31,901,2,0.966738197425
1619,1518,101,1,0.93761581223
1050,168,882,2,0.84
878,59,819,2,0.932801822323
1714,1714,0,2,0.0
1514,1507,7,1,0.995376486129
1729,1572,157,2,0.0908039329092
1642,1557,85,1,0.948233861145
1760,1755,5,2,0.00284090909091
1548,1532,16,2,0.0103359173127
971,55,916,2,0.943357363543
1638,1615,23,1,0.985958485958
1633,1565,68,1,0.958358848745
1664,1574,90,1,0.945913461538
1783,1640,143,1,0.919798093102
941,3,938,2,0.996811902232
850,0,850,2,1.0
1673,1605,68,1,0.959354453078
1554,1071,483,2,0.310810810811
1585,1547,38,1,0.976025236593
1577,1319,258,2,0.163601775523
1814,1650,164,1,0.909592061742
881,0,881,2,1.0
866,4,862,2,0.995381062356
1589,1488,101,1,0.936438011328
1650,1591,59,1,0.964242424242
1023,126,897,2,0.876832844575
1556,1556,0,1,1.0
1562,1561,1,1,0.999359795134
1609,1542,67,1,0.958359229335
1572,832,740,2,0.470737913486
1655,1618,37,1,0.977643504532
846,27,819,2,0.968085106383
1573,1516,57,2,0.0362364907819
1605,1542,63,1,0.960747663551
1739,1639,100,1,0.942495687177
1071,229,842,2,0.786181139122
1596,1596,0,2,0.0
820,26,794,2,0.968292682927
1780,1634,146,1,0.91797752809
884,18,866,2,0.97963800905
1841,1636,205,1,0.888647474199
1652,1568,84,1,0.949152542373
1756,1622,134,2,0.0763097949886
1181,441,740,2,0.626587637595
876,2,874,2,0.997716894977
1636,1539,97,1,0.940709046455
934,91,843,2,0.902569593148
896,95,801,2,0.893973214286
819,3,816,2,0.996336996337
888,0,888,2,1.0
1600,1559,41,1,0.974375
898,0,898,2,1.0
1562,1562,0,1,1.0
848,55,793,2,0.935141509434
1860,1445,415,2,0.22311827957
1665,1409,256,2,0.153753753754
1615,1533,82,1,0.949226006192
1677,1584,93,1,0.944543828265
1569,1546,23,1,0.985340981517
1690,1625,65,1,0.961538461538
1795,1434,361,2,0.201114206128
1731,1529,202,1,0.883304448296
1710,1656,54,1,0.968421052632
1572,1570,2,1,0.998727735369
1638,1630,8,2,0.004884004884
1646,1560,86,1,0.947752126367
871,1,870,2,0.998851894374
1668,1540,128,1,0.923261390887
1864,1864,0,2,0.0
940,12,928,2,0.987234042553
1689,1621,68,1,0.959739490823
1585,1146,439,2,0.276971608833
1648,1631,17,1,0.989684466019
839,3,836,2,0.99642431466
870,23,847,2,0.973563218391
1637,1567,70,1,0.957238851558
1559,1233,326,2,0.209108402822
1617,1565,52,1,0.967841682127
1552,1534,18,1,0.988402061856
818,14,804,2,0.982885085575
1589,1540,49,1,0.969162995595
861,45,816,2,0.947735191638
1602,1572,30,1,0.98127340824
1567,1567,0,1,1.0
1782,1368,414,2,0.232323232323
885,172,713,2,0.805649717514
1465,931,534,2,0.364505119454
1648,1629,19,1,0.988470873786
909,1,908,2,0.998899889989
964,196,768,2,0.796680497925
776,16,760,2,0.979381443299
1536,1532,4,1,0.997395833333
1744,1635,109,1,0.9375
861,13,848,2,0.984901277584
1535,1534,1,1,0.999348534202
1729,1642,87,1,0.94968189705
1761,1623,138,1,0.921635434412
957,176,781,2,0.816091954023
919,6,913,2,0.993471164309
1655,1642,13,1,0.992145015106
1607,1585,22,1,0.986309894213
1528,1512,16,1,0.989528795812
1628,1551,77,1,0.952702702703
1686,1607,79,1,0.953143534994
1662,1560,102,2,0.0613718411552
1723,1593,130,1,0.924550203134
1588,1503,85,1,0.946473551637
1012,151,861,2,0.850790513834
1016,123,893,2,0.878937007874
868,2,866,2,0.997695852535
869,22,847,2,0.974683544304
949,50,899,2,0.947312961012
942,5,937,2,0.994692144374
1586,1543,43,1,0.97288776797
1711,1661,50,1,0.970777323203
1351,652,699,2,0.517394522576
1905,1534,371,2,0.194750656168
1660,1660,0,2,0.0
998,209,789,2,0.790581162325
1717,1551,166,1,0.903319743739
1622,1516,106,1,0.934648581998
1419,976,443,2,0.312191684285
1650,1208,442,2,0.267878787879
1645,1645,0,2,0.0
1700,1613,87,1,0.948823529412
1706,1668,38,1,0.977725674091
880,63,817,2,0.928409090909
1498,1221,277,2,0.184913217623
1847,1634,213,1,0.884677855983
1768,1612,156,2,0.0882352941176
912,11,901,2,0.987938596491
1568,1531,37,1,0.976403061224
1532,1532,0,1,1.0
1668,1582,86,2,0.0515587529976
918,28,890,2,0.969498910675
1516,1465,51,1,0.96635883905
1518,1452,66,1,0.95652173913
1661,1596,65,2,0.0391330523781
1517,1507,10,1,0.993408042189
1587,1546,41,1,0.974165091367
876,4,872,2,0.995433789954
1715,1586,129,1,0.924781341108
1558,1443,115,1,0.926187419769
1723,1618,105,1,0.939059779454
1661,1501,160,1,0.903672486454
1411,864,547,2,0.38766832034
863,30,833,2,0.965237543453
802,1,801,2,0.998753117207
1735,1550,185,2,0.106628242075
1572,1530,42,1,0.973282442748
1679,1546,133,1,0.920786182251
1637,1612,25,1,0.984728161271
1595,1558,37,1,0.976802507837
1658,1255,403,2,0.243063932449
773,60,713,2,0.922380336352
866,0,866,2,1.0
842,4,838,2,0.995249406176
1632,1099,533,2,0.326593137255
1587,1570,17,1,0.989287964713
1648,1619,29,2,0.0175970873786
1792,1607,185,1,0.896763392857
1640,1554,86,1,0.94756097561
1398,587,811,2,0.580114449213
1662,1595,67,1,0.959687123947
1099,243,856,2,0.778889899909
1574,1558,16,1,0.989834815756
925,1,924,2,0.998918918919
1678,1573,105,1,0.937425506555
1632,1546,86,1,0.947303921569
1612,1557,55,1,0.9658808933
913,6,907,2,0.993428258488
1866,1562,304,2,0.162915326902
1660,1648,12,1,0.992771084337
898,12,886,2,0.986636971047
1695,1614,81,2,0.0477876106195
1562,1557,5,1,0.996798975672
1534,1513,21,1,0.98631029987
1700,1586,114,1,0.932941176471
1827,1680,147,1,0.919540229885
1713,1690,23,2,0.0134267367192
1714,1551,163,2,0.0950991831972
1694,1264,430,2,0.253837072019
1786,1604,182,1,0.898096304591
1668,1535,133,1,0.920263788969
1606,1495,111,2,0.0691158156912
1678,1596,82,1,0.951132300358
1282,797,485,2,0.378315132605
1596,1587,9,1,0.994360902256
1593,1548,45,1,0.971751412429
1538,1468,70,1,0.954486345904
915,80,835,2,0.912568306011
897,1,896,2,0.998885172798
835,151,684,2,0.819161676647
1547,1547,0,1,1.0
1618,1612,6,1,0.996291718171
1093,362,731,2,0.668801463861
1673,1525,148,1,0.911536162582
1565,1224,341,2,0.217891373802
1675,1538,137,1,0.918208955224
765,28,737,2,0.96339869281
1604,1588,16,2,0.00997506234414
1013,151,862,2,0.85093780849
1799,1799,0,2,0.0
1712,1605,107,1,0.9375
1713,1630,83,1,0.951546993579
1611,1554,57,1,0.964618249534
1650,1550,100,1,0.939393939394
1675,1652,23,1,0.986268656716
870,5,865,2,0.994252873563
1584,1550,34,1,0.978535353535
1648,1515,133,1,0.919296116505
1396,946,450,2,0.322349570201
1646,1511,135,1,0.917982989064
932,141,791,2,0.848712446352
1720,1720,0,2,0.0
1616,1533,83,1,0.948638613861
1573,1535,38,1,0.975842339479
1692,1627,65,1,0.96158392435
1604,1604,0,1,1.0
1829,1557,272,2,0.148715144888
1653,1619,34,1,0.979431336963
1499,1157,342,2,0.228152101401
1524,1518,6,1,0.996062992126
1581,1581,0,2,0.0
1624,1550,74,2,0.0455665024631
948,124,824,2,0.869198312236
920,24,896,2,0.973913043478
1619,1613,6,1,0.996294008647
1717,1624,93,2,0.0541642399534
1566,1174,392,2,0.250319284802
855,24,831,2,0.971929824561
884,0,884,2,1.0
1644,1637,7,1,0.995742092457
1648,1552,96,1,0.941747572816
1602,1538,64,1,0.960049937578
1691,1691,0,2,0.0
1732,1588,144,1,0.916859122402
1607,1603,4,1,0.997510889857
1607,1593,14,1,0.991288114499
941,199,742,2,0.788522848034
1019,70,949,2,0.931305201178
1781,1619,162,1,0.909039865244
1733,1692,41,2,0.0236583958454
1615,1573,42,1,0.97399380805
1739,1589,150,1,0.913743530765
854,18,836,2,0.978922716628
1648,1575,73,1,0.955703883495
1632,1536,96,2,0.0588235294118
1503,1503,0,2,0.0
1626,1590,36,2,0.0221402214022
1547,1494,53,1,0.965740142211
879,154,725,2,0.824800910125
1545,1512,33,1,0.978640776699
1426,945,481,2,0.337307152875
896,141,755,2,0.842633928571
1650,1650,0,1,1.0
831,1,830,2,0.998796630566
800,1,799,2,0.99875
946,17,929,2,0.982029598309
1662,1530,132,2,0.0794223826715
882,1,881,2,0.998866213152
1644,1533,111,1,0.932481751825
922,21,901,2,0.977223427332
914,71,843,2,0.922319474836
1748,1585,163,1,0.906750572082
1630,1623,7,1,0.995705521472
1776,1670,106,1,0.940315315315
1656,1521,135,2,0.0815217391304
1642,1599,43,2,0.0261875761267
1683,1683,0,2,0.0
797,0,797,2,1.0
1730,1611,119,1,0.931213872832
1565,1551,14,1,0.991054313099
1721,1238,483,2,0.280650784428
1603,1589,14,1,0.991266375546
1492,1124,368,2,0.246648793566
1681,1573,108,1,0.935752528257
1446,1149,297,2,0.205394190871
1572,1557,15,1,0.990458015267
1605,1522,83,1,0.948286604361
829,0,829,2,1.0
894,85,809,2,0.904921700224
1675,1590,85,1,0.949253731343
1612,1571,41,1,0.974565756824
1655,1610,45,1,0.972809667674
1567,1523,44,1,0.9719208679
983,33,950,2,0.966429298067
874,70,804,2,0.919908466819
1636,1589,47,1,0.971271393643
883,2,881,2,0.997734994337
1527,1513,14,1,0.990831696136
1770,1571,199,2,0.112429378531
1617,1526,91,1,0.943722943723
988,169,819,2,0.828947368421
1632,1499,133,1,0.918504901961
925,3,922,2,0.996756756757
931,18,913,2,0.980665950591
1736,1565,171,1,0.901497695853
915,18,897,2,0.980327868852
858,10,848,2,0.988344988345
887,74,813,2,0.916572717024
1058,148,910,2,0.86011342155
1176,596,580,2,0.493197278912
1808,1808,0,2,0.0
1563,1164,399,2,0.25527831094
979,134,845,2,0.863125638407
1566,1542,24,1,0.984674329502
1760,1668,92,1,0.947727272727
1743,1698,45,2,0.025817555938
1628,1574,54,1,0.96683046683
1680,1663,17,2,0.010119047619
775,38,737,2,0.950967741935
1501,983,518,2,0.34510326449
1610,1580,30,1,0.981366459627
1625,1573,52,1,0.968
1609,1549,60,2,0.0372902423866
1043,160,883,2,0.846596356663
1592,1512,80,1,0.949748743719
1676,1676,0,2,0.0
1704,1621,83,1,0.951291079812
932,0,932,2,1.0
898,10,888,2,0.988864142539
1604,1579,25,1,0.984413965087
1630,1569,61,1,0.962576687117
940,190,750,2,0.797872340426
896,0,896,2,1.0
1681,1473,208,1,0.876264128495
1688,1597,91,2,0.0539099526066
818,0,818,2,1.0
1565,1565,0,1,1.0
1528,1528,0,1,1.0
906,18,888,2,0.980132450331
1659,1589,70,1,0.957805907173
1702,1617,85,1,0.950058754407
1651,1576,75,1,0.954572986069
924,9,915,2,0.99025974026
1683,1577,106,1,0.937017231135
1265,574,691,2,0.546245059289
1748,1583,165,1,0.905606407323
1898,1418,480,2,0.252897787144
1586,1552,34,1,0.978562421185
1609,1594,15,1,0.990677439403
1668,1558,110,1,0.934052757794
1865,1614,251,1,0.865415549598
1657,1638,19,1,0.988533494267
1703,1551,152,1,0.910745742807
1693,1693,0,2,0.0
1686,1550,136,1,0.919335705813
1687,1629,58,1,0.965619442798
1613,1578,35,1,0.978301301922
1742,1616,126,1,0.92766934558
1246,342,904,2,0.725521669342
831,6,825,2,0.992779783394
863,2,861,2,0.997682502897
1740,1621,119,2,0.0683908045977
1098,309,789,2,0.718579234973
875,96,779,2,0.890285714286
1627,1626,1,1,0.99938537185
1611,1600,11,1,0.993171942893
1643,1583,60,1,0.963481436397
1611,1605,6,1,0.996275605214
1521,1505,16,1,0.989480604865
1723,1565,158,1,0.908299477655
1641,1623,18,2,0.0109689213894
1053,64,989,2,0.939221272555
1714,1634,80,1,0.953325554259
1608,1563,45,1,0.972014925373
1544,1523,21,2,0.0136010362694
1612,1504,108,1,0.93300248139
865,0,865,2,1.0
890,1,889,2,0.998876404494
1485,1485,0,1,1.0
1798,1652,146,1,0.918798665184
1252,718,534,2,0.426517571885
1854,1613,241,1,0.870010787487
1738,1578,160,2,0.0920598388953
928,7,921,2,0.992456896552
1638,1409,229,2,0.139804639805
838,5,833,2,0.994033412888
842,2,840,2,0.997624703088
1609,1600,9,1,0.994406463642
898,52,846,2,0.942093541203
1756,1587,169,1,0.903758542141
933,192,741,2,0.79421221865
1659,1646,13,2,0.00783604581073
1905,1599,306,2,0.16062992126
1089,277,812,2,0.745638200184
1493,1475,18,1,0.987943737441
1988,1482,506,2,0.254527162978
1581,1567,14,1,0.991144845035
1709,1599,110,1,0.935634874195
1761,1568,193,1,0.890403180011
1795,1581,214,1,0.88077994429
1618,1617,1,2,0.00061804697157
1535,1489,46,1,0.97003257329
793,4,789,2,0.994955863808
1676,1609,67,1,0.960023866348
1699,1611,88,2,0.0517951736315
872,8,864,2,0.990825688073
864,9,855,2,0.989583333333
872,10,862,2,0.988532110092
1656,1619,37,1,0.977657004831
955,1,954,2,0.998952879581
1618,1566,52,1,0.967861557478
1188,328,860,2,0.723905723906
1581,1551,30,1,0.981024667932
1737,1593,144,1,0.917098445596
919,64,855,2,0.930359085963
1569,1521,48,1,0.969407265774
1660,1605,55,2,0.0331325301205
1631,1622,9,1,0.994481912937
1022,256,766,2,0.749510763209
1653,1531,122,1,0.926194797338
1560,1513,47,1,0.969871794872
1685,1647,38,1,0.977448071217
1579,1578,1,1,0.999366687777
1661,1639,22,2,0.0132450331126
1613,1513,100,1,0.938003719777
1652,1542,110,1,0.933414043584
1720,1635,85,1,0.950581395349
1673,1586,87,2,0.0520023909145
1573,1567,6,1,0.996185632549
1660,1569,91,1,0.945180722892
1806,1627,179,1,0.90088593577
1696,1597,99,2,0.0583726415094
1693,1681,12,1,0.992911990549
1611,1528,83,1,0.948479205462
1705,1421,284,2,0.166568914956
1738,1713,25,2,0.0143843498274
1319,836,483,2,0.366186504928
1707,1583,124,2,0.0726420620972
1639,1565,74,1,0.954850518609
986,69,917,2,0.930020283976
1512,1491,21,1,0.986111111111
1592,1507,85,1,0.946608040201
1596,1596,0,1,1.0
878,2,876,2,0.997722095672
950,195,755,2,0.794736842105
844,0,844,2,1.0
1653,1602,51,1,0.969147005445
1642,1587,55,2,0.0334957369062
1729,1559,170,1,0.901677270098
882,23,859,2,0.973922902494
1715,1541,174,1,0.898542274052
1614,1608,6,1,0.996282527881
836,16,820,2,0.980861244019
1626,1606,20,2,0.0123001230012
1695,1549,146,2,0.0861356932153
1653,1532,121,1,0.926799758016
1166,366,800,2,0.686106346484
1626,1620,6,2,0.00369003690037
848,10,838,2,0.98820754717
1717,1593,124,1,0.927781013395
1740,1734,6,2,0.00344827586207
887,2,885,2,0.997745208568
866,0,866,2,1.0
1628,1596,32,1,0.980343980344
1619,1567,52,1,0.967881408277
1149,444,705,2,0.613577023499
1660,1586,74,1,0.955421686747
1780,1711,69,2,0.0387640449438
1531,876,655,2,0.427824951012
1730,1665,65,1,0.962427745665
811,0,811,2,1.0
1519,1519,0,1,1.0
1831,1576,255,1,0.860731840524
1635,1569,66,1,0.959633027523
934,10,924,2,0.989293361884
886,4,882,2,0.995485327314
970,4,966,2,0.99587628866
1776,1580,196,1,0.88963963964
1692,1609,83,2,0.0490543735225
1680,1512,168,2,0.1
1645,1618,27,1,0.98358662614
1612,1612,0,2,0.0
1669,1544,125,1,0.925104853206
1578,1530,48,1,0.969581749049
910,15,895,2,0.983516483516
1082,288,794,2,0.733826247689
1111,340,771,2,0.69396939694
908,34,874,2,0.962555066079
1663,1547,116,1,0.930246542393
881,2,879,2,0.99772985244
1663,1555,108,1,0.935057125676
1678,1554,124,1,0.92610250298
923,62,861,2,0.932827735645
1522,1487,35,1,0.977003942181
1556,1529,27,1,0.98264781491
1117,406,711,2,0.636526410027
846,36,810,2,0.957446808511
846,0,846,2,1.0
1588,1555,33,1,0.979219143577
919,0,919,2,1.0
1980,1673,307,1,0.844949494949
909,0,909,2,1.0
1629,1610,19,1,0.988336402701
1013,102,911,2,0.899308983218
1656,1607,49,1,0.970410628019
1673,1597,76,1,0.954572624029
874,36,838,2,0.95881006865
1729,1676,53,1,0.969346443031
926,74,852,2,0.920086393089
1300,787,513,2,0.394615384615
893,0,893,2,1.0
1328,729,599,2,0.451054216867
1775,1646,129,1,0.927323943662
1696,1550,146,1,0.91391509434
1781,1618,163,1,0.908478382931
1671,1582,89,1,0.946738479952
1616,1538,78,1,0.951732673267
1573,1295,278,2,0.176732358551
1570,1564,6,1,0.996178343949
1589,1544,45,2,0.0283196979232
1728,1585,143,2,0.0827546296296
1650,1585,65,1,0.960606060606
1872,1627,245,1,0.869123931624
1562,1507,55,1,0.964788732394
1722,1721,1,2,0.000580720092915
1614,1579,35,1,0.978314745973
1806,1618,188,1,0.895902547065
874,25,849,2,0.971395881007
783,16,767,2,0.979565772669
1398,952,446,2,0.319027181688
1715,1569,146,1,0.914868804665
1707,1616,91,1,0.94669009959
1709,1552,157,1,0.908133411352
856,9,847,2,0.989485981308
1624,1580,44,1,0.972906403941
1605,1568,37,1,0.976947040498
1718,1585,133,1,0.922584400466
814,1,813,2,0.998771498771
1806,1631,175,1,0.903100775194
1683,1546,137,1,0.918597742127
835,4,831,2,0.995209580838
1618,1572,46,1,0.971569839308
899,4,895,2,0.995550611791
1604,1563,41,2,0.0255610972569
1696,1515,181,1,0.893278301887
1287,857,430,2,0.33411033411
1004,343,661,2,0.658366533865
1170,459,711,2,0.607692307692
1058,405,653,2,0.617202268431
1045,309,736,2,0.704306220096
1645,1541,104,1,0.936778115502
851,1,850,2,0.998824911868
1623,1581,42,1,0.974121996303
1575,1541,34,1,0.978412698413
1643,1578,65,1,0.960438222763
849,2,847,2,0.997644287397
950,13,937,2,0.986315789474
1645,1551,94,1,0.942857142857
868,10,858,2,0.988479262673
1027,137,890,2,0.866601752678
1604,1537,67,1,0.958229426434
1575,1506,69,1,0.95619047619
760,1,759,2,0.998684210526
1659,1571,88,1,0.946955997589
1660,1660,0,2,0.0
1643,1581,62,1,0.962264150943
1607,1607,0,1,1.0
1557,1557,0,1,1.0
1594,1587,7,1,0.995608531995
1568,1514,54,1,0.96556122449
1571,1564,7,1,0.995544239338
892,105,787,2,0.882286995516
1627,1612,15,1,0.99078057775
1604,1548,56,1,0.965087281796
1601,1601,0,1,1.0
1391,926,465,2,0.334291876348
1688,1560,128,2,0.0758293838863
990,154,836,2,0.844444444444
1758,1588,170,1,0.903299203641
1616,1572,44,1,0.972772277228
1795,1381,414,2,0.230640668524
1330,915,415,2,0.312030075188
1751,1598,153,1,0.912621359223
1715,1585,130,1,0.924198250729
894,61,833,2,0.931767337808
998,159,839,2,0.840681362725
1570,1569,1,1,0.999363057325
1697,1639,58,1,0.965822038892
782,2,780,2,0.997442455243
1574,1565,9,1,0.994282083863
1606,1569,37,1,0.97696139477
1663,1485,178,2,0.107035478052
1672,1669,3,2,0.00179425837321
1637,1537,100,1,0.938912645082
1653,1644,9,1,0.994555353902
1673,1540,133,1,0.92050209205
949,76,873,2,0.919915700738
1566,1421,145,2,0.0925925925926
912,27,885,2,0.970394736842
1697,1571,126,1,0.925751325869
1620,1577,43,1,0.973456790123
1640,1533,107,1,0.934756097561
1704,1704,0,2,0.0
896,0,896,2,1.0
1648,1617,31,1,0.981189320388
1536,1520,16,1,0.989583333333
1695,1695,0,2,0.0
843,2,841,2,0.997627520759
712,2,710,2,0.997191011236
858,27,831,2,0.968531468531
1328,706,622,2,0.468373493976
943,28,915,2,0.970307529162
1601,1596,5,1,0.996876951905
1722,1601,121,1,0.929732868757
921,183,738,2,0.801302931596
1736,1736,0,2,0.0
1668,1528,140,1,0.916067146283
1802,1802,0,2,0.0
876,2,874,2,0.997716894977
1499,904,595,2,0.396931287525
1546,1510,36,1,0.976714100906
867,10,857,2,0.988465974625
1650,1390,260,2,0.157575757576
1657,1578,79,2,0.0476765238383
1750,1593,157,1,0.910285714286
1532,1532,0,1,1.0
928,1,927,2,0.998922413793
1782,1571,211,1,0.881593714927
1582,1579,3,1,0.998103666245
907,38,869,2,0.958103638368
1616,1013,603,2,0.373143564356
1667,1560,107,1,0.935812837433
1705,1598,107,1,0.93724340176
1656,1626,30,1,0.981884057971
1700,1568,132,1,0.922352941176
793,24,769,2,0.96973518285
1633,1556,77,1,0.952847519902
1614,1586,28,1,0.982651796778
1030,151,879,2,0.853398058252
1761,1589,172,1,0.902328222601
1419,1019,400,2,0.281888653982
1605,966,639,2,0.398130841121
1549,1504,45,1,0.970948999354
813,6,807,2,0.992619926199
789,0,789,2,1.0
1672,1618,54,1,0.967703349282
897,6,891,2,0.993311036789
1675,1532,143,2,0.0853731343284
1764,1608,156,1,0.91156462585
1575,1575,0,1,1.0
1621,1537,84,1,0.948180135719
1595,1304,291,2,0.182445141066
1525,1525,0,1,1.0
1661,1583,78,1,0.953040337146
1587,1078,509,2,0.320730938878
1631,1609,22,1,0.986511342735
1670,1670,0,2,0.0
1624,1610,14,1,0.991379310345
1360,1067,293,2,0.215441176471
1701,1701,0,2,0.0
1587,1536,51,1,0.96786389414
959,50,909,2,0.947862356621
1724,1624,100,2,0.0580046403712
1318,652,666,2,0.50531107739
1541,1540,1,1,0.999351070733
1635,1620,15,1,0.990825688073
1585,1421,164,2,0.103470031546
1655,1563,92,1,0.944410876133
1699,1627,72,2,0.0423778693349
1697,1612,85,1,0.949911608721
1576,1575,1,1,0.999365482234
879,27,852,2,0.969283276451
1679,1629,50,1,0.970220369267
1786,1651,135,2,0.0755879059351
925,10,915,2,0.989189189189
1606,1602,4,1,0.997509339975
1581,1568,13,1,0.991777356104
821,0,821,2,1.0
1678,1641,37,1,0.977949940405
1663,1597,66,1,0.960312687913
1574,1574,0,1,1.0
1566,1566,0,1,1.0
1583,1526,57,1,0.963992419457
1664,1558,106,1,0.936298076923
821,75,746,2,0.908647990256
1658,1592,66,1,0.960193003619
1606,1505,101,1,0.937110834371
1701,1603,98,1,0.942386831276
1686,1576,110,1,0.934756820878
1723,1633,90,1,0.947765525247
1564,1532,32,1,0.979539641944
816,2,814,2,0.997549019608
1520,1489,31,1,0.979605263158
1761,1761,0,2,0.0
1683,1562,121,1,0.928104575163
1695,1650,45,2,0.0265486725664
1249,708,541,2,0.433146517214
1676,1595,81,1,0.951670644391
1722,1592,130,1,0.924506387921
1658,1615,43,1,0.974065138721
883,0,883,2,1.0
1581,1579,2,1,0.998734977862
1446,1026,420,2,0.290456431535
1797,1783,14,2,0.00779076238175
854,0,854,2,1.0
1893,1603,290,1,0.846804014791
943,23,920,2,0.975609756098
1617,1546,71,1,0.95609152752
1247,565,682,2,0.546912590217
928,87,841,2,0.90625
1656,1622,34,1,0.979468599034
793,17,776,2,0.978562421185
784,4,780,2,0.994897959184
1598,1537,61,1,0.961827284105
1695,1585,110,1,0.935103244838
1568,1537,31,1,0.980229591837
1644,1555,89,1,0.945863746959
840,0,840,2,1.0
1625,1584,41,1,0.974769230769
1744,1598,146,2,0.0837155963303
1717,1567,150,1,0.912638322656
1652,1583,69,1,0.958232445521
894,0,894,2,1.0
1656,1615,41,1,0.975241545894
741,3,738,2,0.995951417004
815,48,767,2,0.941104294479
1541,1511,30,1,0.980532121999
1732,1597,135,1,0.922055427252
1603,1561,42,1,0.973799126638
896,0,896,2,1.0
1348,832,516,2,0.382789317507
1696,1617,79,2,0.0465801886792
1593,1571,22,1,0.98618957941
883,44,839,2,0.950169875425
1744,1564,180,1,0.896788990826
1604,1575,29,1,0.981920199501
1274,776,498,2,0.390894819466
1670,1570,100,1,0.940119760479
842,7,835,2,0.991686460808
1755,1604,151,1,0.91396011396
1592,1562,30,1,0.981155778894
1685,1534,151,1,0.910385756677
800,0,800,2,1.0
909,129,780,2,0.858085808581
1816,1547,269,1,0.851872246696
1591,1546,45,1,0.971715901948
1659,1655,4,2,0.00241109101869
1690,1562,128,1,0.92426035503
1693,1630,63,2,0.0372120496161
1781,1606,175,1,0.901740595171
1629,1589,40,1,0.975445058318
1109,384,725,2,0.653742110009
1772,1559,213,2,0.120203160271
875,1,874,2,0.998857142857
1439,1190,249,2,0.173036831133
1621,1510,111,1,0.931523750771
1748,1664,84,1,0.951945080092
1759,1645,114,2,0.0648095508812
1639,1599,40,1,0.975594874924
1442,779,663,2,0.459778085992
1065,357,708,2,0.664788732394
1130,468,662,2,0.585840707965
1698,1572,126,2,0.0742049469965
1686,1280,406,2,0.240806642942
1627,1599,28,1,0.982790411801
951,136,815,2,0.856992639327
909,260,649,2,0.71397139714
1552,1505,47,1,0.969716494845
1517,1489,28,1,0.981542518128
901,28,873,2,0.968923418424
1538,1507,31,1,0.979843953186
1618,1559,59,1,0.963535228677
1609,1507,102,1,0.936606587943
838,0,838,2,1.0
845,0,845,2,1.0
808,0,808,2,1.0
790,17,773,2,0.978481012658
1654,1587,67,1,0.959492140266
1781,1548,233,1,0.869174620999
1661,1650,11,2,0.00662251655629
1067,258,809,2,0.758200562324
1764,1608,156,1,0.91156462585
1729,1622,107,1,0.938114517062
1671,1111,560,2,0.33512866547
915,35,880,2,0.96174863388
1599,1508,91,1,0.943089430894
1627,1569,58,1,0.964351567302
1561,1548,13,1,0.991672005125
879,28,851,2,0.968145620023
1641,1582,59,1,0.964046313224
985,78,907,2,0.920812182741
1688,1688,0,2,0.0
1645,1638,7,2,0.00425531914894
1566,1526,40,1,0.974457215837
849,1,848,2,0.998822143698
1587,1582,5,1,0.996849401386
1749,1631,118,2,0.0674671240709
985,21,964,2,0.978680203046
1656,1568,88,1,0.946859903382
1737,1737,0,2,0.0
1570,1370,200,2,0.127388535032
1755,1606,149,2,0.0849002849003
1827,1644,183,1,0.899835796388
831,102,729,2,0.87725631769
1595,1540,55,1,0.965517241379
1713,1554,159,1,0.907180385289
840,6,834,2,0.992857142857
1606,1331,275,2,0.171232876712
1711,1584,127,1,0.925774400935
1720,1178,542,2,0.31511627907
1497,1476,21,1,0.985971943888
1722,1540,182,2,0.105691056911
1770,1560,210,2,0.118644067797
919,32,887,2,0.965179542982
850,142,708,2,0.832941176471
1705,1609,96,1,0.943695014663
1572,1556,16,1,0.989821882952
1708,1582,126,1,0.926229508197
1664,1520,144,1,0.913461538462
858,0,858,2,1.0
1587,1532,55,1,0.965343415249
1628,1482,146,2,0.0896805896806
938,0,938,2,1.0
1968,1512,456,2,0.231707317073
1634,1547,87,1,0.946756425949
875,37,838,2,0.957714285714
870,4,866,2,0.995402298851
1620,1581,39,1,0.975925925926
1623,1212,411,2,0.253234750462
909,36,873,2,0.960396039604
1586,1342,244,2,0.153846153846
1746,1606,140,1,0.91981672394
1671,1568,103,1,0.938360263315
1617,1572,45,1,0.972170686456
1619,1551,68,1,0.95799876467
1656,1579,77,1,0.953502415459
729,21,708,2,0.971193415638
1838,1838,0,2,0.0
1698,1637,61,1,0.964075382803
1567,1546,21,1,0.986598596043
907,4,903,2,0.99558985667
1654,1581,73,1,0.955864570738
1690,1586,104,1,0.938461538462
856,37,819,2,0.956775700935
882,79,803,2,0.910430839002
829,13,816,2,0.984318455971
1722,1722,0,2,0.0
1160,664,496,2,0.427586206897
1641,1571,70,1,0.957343083486
779,1,778,2,0.998716302953
984,10,974,2,0.989837398374
911,0,911,2,1.0
1579,1550,29,1,0.981633945535
1644,1640,4,2,0.00243309002433
1696,1643,53,1,0.96875
1705,1595,110,2,0.0645161290323
821,2,819,2,0.997563946407
1017,72,945,2,0.929203539823
1609,1560,49,1,0.969546302051
1599,1588,11,1,0.993120700438
1057,440,617,2,0.583727530747
1538,1538,0,1,1.0
1533,1510,23,1,0.984996738421
1649,1596,53,1,0.967859308672
1597,1508,89,1,0.944270507201
1633,1578,55,1,0.966319657073
870,2,868,2,0.997701149425
926,1,925,2,0.998920086393
1662,1577,85,1,0.948856799037
1775,1643,132,2,0.0743661971831
1742,1519,223,1,0.871986222732
1522,1522,0,1,1.0
1616,1538,78,1,0.951732673267
1097,290,807,2,0.735642661805
924,32,892,2,0.965367965368
1095,305,790,2,0.721461187215
797,0,797,2,1.0
1637,1581,56,2,0.0342089187538
1197,732,465,2,0.388471177945
943,40,903,2,0.957582184517
827,42,785,2,0.949214026602
1642,1626,16,1,0.990255785627
1722,1639,83,1,0.951800232288
1649,1649,0,1,1.0
890,6,884,2,0.993258426966
1585,1026,559,2,0.352681388013
1595,1561,34,1,0.97868338558
1654,1586,68,1,0.958887545345
1613,1607,6,1,0.996280223187
839,16,823,2,0.980929678188
842,1,841,2,0.998812351544
1635,1596,39,1,0.976146788991
1806,1600,206,1,0.885935769657
768,15,753,2,0.98046875
1682,1561,121,1,0.928061831153
872,2,870,2,0.997706422018
1494,1490,4,1,0.997322623829
888,1,887,2,0.998873873874
1737,1592,145,2,0.0834772596431
1640,1545,95,1,0.942073170732
841,8,833,2,0.990487514863
1641,1568,73,1,0.955514929921
1714,1647,67,1,0.960910151692
1627,1474,153,2,0.0940381069453
861,36,825,2,0.95818815331
1693,1591,102,1,0.939751919669
1732,1547,185,1,0.893187066975
959,155,804,2,0.838373305527
859,4,855,2,0.995343422584
895,13,882,2,0.985474860335
1758,1605,153,1,0.912969283276
742,28,714,2,0.962264150943
1616,1614,2,1,0.998762376238
1557,1557,0,1,1.0
894,8,886,2,0.991051454139
901,5,896,2,0.994450610433
1741,1606,135,1,0.922458357266
881,22,859,2,0.975028376844
1264,474,790,2,0.625
1616,1539,77,1,0.952351485149
867,23,844,2,0.973471741638
970,61,909,2,0.937113402062
1824,1639,185,1,0.898574561404
832,1,831,2,0.998798076923
869,2,867,2,0.997698504028
985,278,707,2,0.717766497462
1631,1616,15,1,0.990803188228
1708,1650,58,1,0.966042154567
1626,1574,52,1,0.968019680197
870,1,869,2,0.998850574713
1661,1122,539,2,0.324503311258
833,6,827,2,0.992797118848
1524,1516,8,1,0.994750656168
1595,1565,30,1,0.981191222571
1670,1497,173,1,0.896407185629
832,1,831,2,0.998798076923
1616,1538,78,1,0.951732673267
905,4,901,2,0.995580110497
1691,1691,0,2,0.0
836,25,811,2,0.97009569378
885,8,877,2,0.990960451977
1662,1597,65,1,0.960890493381
1681,1600,81,1,0.951814396193
1681,1656,25,1,0.985127900059
1628,1588,40,1,0.97542997543
1547,1526,21,1,0.986425339367
1590,1576,14,1,0.991194968553
1522,1514,8,1,0.994743758213
1623,1565,58,1,0.964263709181
809,42,767,2,0.948084054388
1752,1685,67,1,0.961757990868
1590,1581,9,1,0.994339622642
795,7,788,2,0.991194968553
941,78,863,2,0.917109458023
1514,1511,3,1,0.998018494055
1715,1601,114,2,0.066472303207
1695,1592,103,1,0.939233038348
853,0,853,2,1.0
1734,1582,152,1,0.912341407151
1360,827,533,2,0.391911764706
878,22,856,2,0.974943052392
1732,1601,131,1,0.924364896074
1674,1344,330,2,0.197132616487
1073,438,635,2,0.591798695247
1631,1577,54,2,0.0331085223789
1219,483,736,2,0.603773584906
1670,1635,35,2,0.0209580838323
1562,1516,46,2,0.0294494238156
1593,1560,33,1,0.979284369115
1604,1544,60,1,0.962593516209
1874,1648,226,1,0.879402347919
1542,1537,5,1,0.996757457847
815,4,811,2,0.99509202454
1615,1607,8,1,0.995046439628
1743,1694,49,2,0.0281124497992
848,5,843,2,0.994103773585
842,12,830,2,0.985748218527
1593,1587,6,1,0.996233521657
1017,202,815,2,0.801376597837
1817,1672,145,1,0.920198128784
1520,1514,6,1,0.996052631579
1750,1620,130,2,0.0742857142857
1764,1621,143,1,0.918934240363
1650,1571,79,1,0.952121212121
1660,1581,79,1,0.952409638554
916,13,903,2,0.985807860262
1842,1537,305,1,0.834419109663
876,1,875,2,0.998858447489
1682,1633,49,1,0.970868014269
799,0,799,2,1.0
974,38,936,2,0.960985626283
935,35,900,2,0.96256684492
1660,1525,135,1,0.918674698795
1640,1541,99,1,0.939634146341
1528,1513,15,1,0.990183246073
1627,1614,13,1,0.99200983405
810,10,800,2,0.987654320988
721,43,678,2,0.940360610264
876,0,876,2,1.0
1729,1577,152,1,0.912087912088
1751,1638,113,1,0.935465448315
1744,1599,145,1,0.916857798165
1697,1596,101,2,0.059516794343
1744,1633,111,1,0.936353211009
739,2,737,2,0.997293640054
1763,1592,171,2,0.0969937606353
1545,1302,243,2,0.157281553398
1589,1571,18,1,0.988672120831
1618,1540,78,1,0.951792336218
1691,1570,121,1,0.928444707274
1607,1594,13,1,0.991910392035
1567,1487,80,1,0.948947032546
1640,1575,65,1,0.960365853659
760,5,755,2,0.993421052632
1628,1628,0,1,1.0
787,19,768,2,0.975857687421
1609,1585,24,1,0.985083903045
1800,1531,269,2,0.149444444444
1730,1602,128,1,0.926011560694
1731,1581,150,1,0.913344887348
1770,1568,202,1,0.885875706215
1012,297,715,2,0.70652173913
1615,1574,41,1,0.974613003096
1601,1085,516,2,0.322298563398
1732,1584,148,1,0.91454965358
1629,1602,27,1,0.983425414365
1670,1530,140,1,0.916167664671
1629,1567,62,1,0.961939840393
1598,1497,101,1,0.936795994994
850,0,850,2,1.0
873,78,795,2,0.910652920962
911,83,828,2,0.908891328211
842,3,839,2,0.996437054632
911,29,882,2,0.968166849616
1323,515,808,2,0.610733182162
888,0,888,2,1.0
1632,1587,45,2,0.0275735294118
867,0,867,2,1.0
1566,1566,0,1,1.0
1539,1507,32,1,0.979207277453
1723,1598,125,2,0.0725478816019
870,20,850,2,0.977011494253
1670,1550,120,1,0.928143712575
1625,1599,26,1,0.984
1653,1598,55,2,0.0332728372656
755,12,743,2,0.984105960265
1729,1705,24,2,0.0138808559861
821,0,821,2,1.0
1631,1631,0,1,1.0
1642,1562,80,1,0.951278928136
1800,1583,217,1,0.879444444444
1068,119,949,2,0.888576779026
998,163,835,2,0.836673346693
1691,1649,42,1,0.975162625665
1665,1583,82,1,0.950750750751
1688,1603,85,1,0.949644549763
1567,1565,2,1,0.998723675814
1721,1632,89,1,0.948285880302
1574,1574,0,2,0.0
1818,1573,245,1,0.865236523652
815,16,799,2,0.98036809816
1737,1503,234,2,0.134715025907
963,161,802,2,0.832814122534
1681,1576,105,1,0.93753718025
1816,1634,182,2,0.100220264317
1518,1518,0,1,1.0
1499,1495,4,1,0.99733155437
872,41,831,2,0.952981651376
1642,1550,92,1,0.943970767357
831,1,830,2,0.998796630566
1652,1529,123,2,0.0744552058111
1741,1618,123,1,0.929350947731
954,185,769,2,0.80607966457
1564,1526,38,1,0.975703324808
1653,1592,61,1,0.963097398669
820,1,819,2,0.998780487805
881,0,881,2,1.0
1195,636,559,2,0.467782426778
853,0,853,2,1.0
854,22,832,2,0.974238875878
803,2,801,2,0.997509339975
1650,1550,100,1,0.939393939394
1613,1597,16,1,0.990080595164
1016,94,922,2,0.907480314961
1619,1569,50,1,0.969116738728
1742,1578,164,1,0.905855338691
1648,1531,117,1,0.929004854369
1220,682,538,2,0.440983606557
903,2,901,2,0.997785160576
1767,1591,176,1,0.900396151669
1717,1672,45,2,0.0262085032033
1563,1558,5,1,0.996801023672
1552,1550,2,1,0.998711340206
1653,1548,105,1,0.936479128857
874,10,864,2,0.988558352403
1695,1593,102,1,0.93982300885
1604,1523,81,1,0.949501246883
874,5,869,2,0.994279176201
1611,1601,10,1,0.993792675357
1928,1567,361,2,0.1872406639
1615,1595,20,2,0.0123839009288
880,81,799,2,0.907954545455
859,22,837,2,0.974388824214
835,7,828,2,0.991616766467
1726,1551,175,2,0.101390498262
1573,1478,95,1,0.939605848697
773,0,773,2,1.0
1598,1546,52,2,0.0325406758448
1609,1511,98,1,0.939092604102
1573,1541,32,1,0.979656706929
874,13,861,2,0.985125858124
1793,1569,224,2,0.124930284439
889,72,817,2,0.919010123735
1606,1555,51,1,0.968244084682
1549,1545,4,2,0.0025823111685
874,134,740,2,0.846681922197
796,0,796,2,1.0
1622,1530,92,1,0.943279901356
1571,1514,57,1,0.963717377467
1600,1557,43,1,0.973125
1535,1512,23,2,0.014983713355
1786,1585,201,2,0.112541993281
1549,1549,0,1,1.0
1547,1547,0,1,1.0
823,6,817,2,0.992709599028
1687,1585,102,1,0.939537640782
1057,268,789,2,0.746452223273
851,0,851,2,1.0
1594,1581,13,1,0.991844416562
1582,1510,72,1,0.954487989886
1783,1783,0,2,0.0
1600,1591,9,1,0.994375
798,1,797,2,0.998746867168
1692,1463,229,2,0.135342789598
1617,1584,33,1,0.979591836735
1134,293,841,2,0.741622574956
1674,1609,65,1,0.961170848268
1349,557,792,2,0.587101556709
1035,213,822,2,0.794202898551
1868,1664,204,1,0.890792291221
1523,1454,69,1,0.95469468155
949,184,765,2,0.806111696523
1726,1577,149,1,0.913673232908
1609,1553,56,1,0.965195773773
1695,1542,153,2,0.0902654867257
1751,1253,498,2,0.284408909195
1601,1113,488,2,0.304809494066
967,130,837,2,0.865563598759
1498,795,703,2,0.469292389853
880,0,880,2,1.0
1566,1552,14,1,0.991060025543
881,49,832,2,0.94438138479
1640,1582,58,1,0.964634146341
1602,1539,63,1,0.960674157303
1907,1648,259,1,0.864184583115
883,40,843,2,0.95469988675
823,0,823,2,1.0
1693,1595,98,1,0.942114589486
1623,1597,26,1,0.983980283426
1664,1558,106,2,0.0637019230769
1037,206,831,2,0.801350048216
988,6,982,2,0.993927125506
1537,1090,447,2,0.290826284971
1585,1584,1,1,0.999369085174
1155,451,704,2,0.609523809524
1127,287,840,2,0.745341614907
1533,1523,10,1,0.993476842792
1546,1536,10,1,0.993531694696
922,19,903,2,0.979392624729
1721,1721,0,2,0.0
1674,1457,217,2,0.12962962963
885,30,855,2,0.966101694915
786,0,786,2,1.0
827,72,755,2,0.912938331318
1600,1600,0,1,1.0
910,50,860,2,0.945054945055
1563,1501,62,1,0.960332693538
1598,1598,0,1,1.0
925,1,924,2,0.998918918919
860,0,860,2,1.0
1561,1547,14,1,0.991031390135
917,48,869,2,0.947655398037
1824,1576,248,1,0.864035087719
1578,1527,51,1,0.967680608365
1628,1561,67,1,0.958845208845
1651,1569,82,2,0.0496668685645
1712,1627,85,1,0.95035046729
1757,1582,175,1,0.900398406375
1481,1473,8,1,0.994598244429
863,8,855,2,0.990730011587
914,29,885,2,0.968271334792
1301,805,496,2,0.381245196003
888,9,879,2,0.989864864865
1585,1581,4,1,0.997476340694
1602,1567,35,1,0.978152309613
1849,1473,376,2,0.203353163872
867,94,773,2,0.891580161476
1617,1596,21,1,0.987012987013
1665,1525,140,1,0.915915915916
894,2,892,2,0.997762863535
843,7,836,2,0.991696322657
884,20,864,2,0.977375565611
1646,1518,128,2,0.0777642770352
1576,1532,44,1,0.972081218274
1709,1585,124,1,0.927442949093
1591,1588,3,1,0.998114393463
1590,1527,63,2,0.0396226415094
1646,1608,38,2,0.0230862697448
1595,1543,52,1,0.967398119122
1681,1582,99,1,0.941106484236
1709,1587,122,1,0.928613224108
939,3,936,2,0.996805111821
837,2,835,2,0.99761051374
1116,588,528,2,0.47311827957
1531,1531,0,1,1.0
1588,1498,90,2,0.0566750629723
1640,1577,63,1,0.961585365854
1619,1583,36,1,0.977764051884
1719,1719,0,2,0.0
815,45,770,2,0.944785276074
1731,1562,169,2,0.0976314269209
1682,1191,491,2,0.291914387634
1590,1539,51,1,0.967924528302
1712,1659,53,2,0.0309579439252
1544,1537,7,1,0.995466321244
1678,1622,56,2,0.0333730631704
1116,405,711,2,0.637096774194
1788,1669,119,2,0.0665548098434
1699,1644,55,2,0.0323719835197
1630,1522,108,1,0.933742331288
1695,1652,43,1,0.974631268437
1631,1524,107,1,0.934396076027
1547,1547,0,1,1.0
1743,1683,60,1,0.965576592083
905,5,900,2,0.994475138122
1589,1589,0,1,1.0
1692,1549,143,1,0.91548463357
1581,1504,77,1,0.951296647691
847,40,807,2,0.952774498229
1745,1611,134,1,0.923209169054
892,157,735,2,0.82399103139
1641,1581,60,1,0.963436928702
878,0,878,2,1.0
1180,569,611,2,0.517796610169
1700,1098,602,2,0.354117647059
1628,1566,62,1,0.961916461916
1735,1581,154,1,0.911239193084
1738,1629,109,2,0.0627157652474
678,31,647,2,0.954277286136
1696,1616,80,1,0.952830188679
1708,1623,85,1,0.950234192037
1575,1575,0,1,1.0
1600,1570,30,1,0.98125
1732,1565,167,1,0.903579676674
1509,1084,425,2,0.281643472498
1667,1554,113,1,0.932213557289
1656,1552,104,1,0.937198067633
1631,1164,467,2,0.286327406499
1626,1553,73,1,0.955104551046
1806,1581,225,1,0.875415282392
1764,1764,0,2,0.0
1628,1609,19,1,0.988329238329
1738,1606,132,1,0.924050632911
855,0,855,2,1.0
875,0,875,2,1.0
1648,1648,0,2,0.0
1606,1560,46,1,0.971357409714
1562,1546,16,1,0.989756722151
1633,1632,1,1,0.999387630129
883,50,833,2,0.943374858437
1622,1555,67,1,0.95869297164
1590,1562,28,1,0.982389937107
836,3,833,2,0.996411483254
1612,1574,38,1,0.976426799007
1645,1531,114,1,0.930699088146
1764,1607,157,1,0.910997732426
954,28,926,2,0.970649895178
1016,190,826,2,0.812992125984
1590,1529,61,1,0.961635220126
1733,1575,158,1,0.908828620889
1709,1606,103,2,0.0602691632534
856,0,856,2,1.0
1601,1545,56,2,0.0349781386633
1563,1558,5,1,0.996801023672
747,0,747,2,1.0
1641,1607,34,1,0.979280926264
1653,1588,65,1,0.960677555959
1603,1522,81,1,0.94946974423
1590,1560,30,1,0.981132075472
1709,1562,147,1,0.913984786425
894,1,893,2,0.998881431767
1648,1556,92,1,0.944174757282
1767,1585,182,1,0.897000565931
1619,1541,78,1,0.951822112415
873,0,873,2,1.0
1594,1512,82,1,0.948557089084
1710,1578,132,2,0.0771929824561
1548,1548,0,1,1.0
830,2,828,2,0.997590361446
1536,1536,0,2,0.0
1569,1537,32,1,0.97960484385
1566,1529,37,2,0.0236270753512
1753,1586,167,1,0.904734740445
1676,1640,36,1,0.978520286396
1643,1568,75,1,0.954351795496
880,42,838,2,0.952272727273
1652,1603,49,1,0.970338983051
1255,822,433,2,0.345019920319
986,14,972,2,0.985801217039
1555,1548,7,1,0.995498392283
1759,1579,180,2,0.102330869812
1550,1550,0,1,1.0
1630,1554,76,2,0.0466257668712
905,163,742,2,0.819889502762
1833,1536,297,1,0.837970540098
1835,1675,160,1,0.91280653951
1591,1511,80,2,0.0502828409805
784,5,779,2,0.99362244898
945,61,884,2,0.93544973545
1736,1614,122,1,0.929723502304
1626,1599,27,1,0.983394833948
1132,275,857,2,0.757067137809
908,4,904,2,0.995594713656
803,3,800,2,0.996264009963
1680,1609,71,1,0.957738095238
807,0,807,2,1.0
891,0,891,2,1.0
1673,1592,81,1,0.951583980873
1777,1677,100,1,0.943725379854
1616,1541,75,1,0.953589108911
1595,1571,24,2,0.0150470219436
1597,1547,50,1,0.96869129618
1716,1595,121,2,0.0705128205128
1612,1602,10,1,0.993796526055
1636,1519,117,1,0.928484107579
870,1,869,2,0.998850574713
1656,1531,125,2,0.0754830917874
1706,1595,111,1,0.934935521688
1534,1489,45,1,0.970664928292
879,38,841,2,0.956769055745
1710,1581,129,1,0.924561403509
1197,766,431,2,0.360066833751
1697,1605,92,1,0.945786682381
1624,1536,88,1,0.945812807882
912,65,847,2,0.928728070175
1628,1450,178,2,0.109336609337
1803,1607,196,1,0.891292290627
1681,1637,44,1,0.973825104105
1844,1331,513,2,0.278199566161
915,81,834,2,0.911475409836
1425,1091,334,2,0.234385964912
1636,1566,70,1,0.957212713936
1694,1578,116,1,0.931523022432
1761,1618,143,1,0.918796138558
1578,1431,147,2,0.0931558935361
1703,1567,136,1,0.920140927775
1663,1623,40,1,0.975947083584
1571,1497,74,1,0.95289624443
1632,1213,419,2,0.256740196078
1724,1588,136,2,0.0788863109049
919,2,917,2,0.997823721436
1671,1583,88,1,0.947336923998
1579,1509,70,1,0.955668144395
1576,1576,0,2,0.0
1546,1517,29,1,0.981241914618
1577,1554,23,1,0.985415345593
899,72,827,2,0.919911012236
1673,1324,349,2,0.208607292289
1699,1572,127,1,0.925250147145
1621,1597,24,1,0.985194324491
1665,1555,110,1,0.933933933934
1621,1518,103,1,0.936458975941
1109,332,777,2,0.700631199279
1641,1584,57,1,0.965265082267
1655,1532,123,1,0.925679758308
799,1,798,2,0.998748435544
1607,1607,0,1,1.0
1589,1555,34,1,0.978602894902
823,14,809,2,0.982989064399
1625,1575,50,1,0.969230769231
720,0,720,2,1.0
1611,1594,17,1,0.989447548107
1675,1245,430,2,0.25671641791
915,3,912,2,0.996721311475
1529,1529,0,1,1.0
1637,1617,20,2,0.0122174709835
1645,1487,158,2,0.0960486322188
1780,1581,199,1,0.888202247191
1704,1654,50,1,0.970657276995
923,102,821,2,0.889490790899
1549,1492,57,1,0.963202065849
1575,1538,37,1,0.976507936508
846,14,832,2,0.983451536643
1522,1484,38,1,0.975032851511
1603,1602,1,1,0.999376169682
936,153,783,2,0.836538461538
1724,1510,214,1,0.875870069606
1518,1508,10,1,0.993412384717
1576,1523,53,1,0.966370558376
1618,1550,68,1,0.957972805933
1548,1548,0,1,1.0
1738,1508,230,2,0.132336018412
1220,510,710,2,0.581967213115
1597,1563,34,1,0.978710081403
1667,1628,39,1,0.976604679064
1580,1539,41,1,0.974050632911
1551,1550,1,1,0.999355254674
1626,1601,25,2,0.0153751537515
1709,1627,82,2,0.0479812755998
845,76,769,2,0.910059171598
1644,1550,94,1,0.942822384428
1708,1596,112,1,0.934426229508
1615,1583,32,1,0.980185758514
830,56,774,2,0.932530120482
1708,1607,101,1,0.940866510539
1610,1566,44,1,0.972670807453
818,3,815,2,0.996332518337
1557,1517,40,1,0.974309569685
836,14,822,2,0.983253588517
972,181,791,2,0.81378600823
1519,1264,255,2,0.167873601053
1662,1603,59,1,0.964500601685
1745,1623,122,1,0.930085959885
1602,1537,65,1,0.959425717853
1544,1531,13,1,0.991580310881
868,0,868,2,1.0
1734,1522,212,1,0.877739331027
921,1,920,2,0.99891422367
1551,1285,266,2,0.171502256609
877,45,832,2,0.948688711517
1653,1567,86,1,0.94797338173
1524,1492,32,1,0.979002624672
1621,1546,75,1,0.953732264035
1782,1587,195,2,0.109427609428
1669,1553,116,2,0.0695026962253
1712,1606,106,1,0.93808411215
887,4,883,2,0.995490417136
1597,1552,45,1,0.971822166562
1620,1521,99,1,0.938888888889
758,12,746,2,0.984168865435
1745,1636,109,1,0.937535816619
1748,1669,79,2,0.0451945080092
1704,1556,148,1,0.913145539906
1512,1512,0,1,1.0
1621,1539,82,1,0.949413942011
1612,1581,31,1,0.980769230769
1592,1592,0,1,1.0
1562,1535,27,1,0.98271446863
1297,397,900,2,0.693909020817
1060,400,660,2,0.622641509434
959,142,817,2,0.851929092805
1134,230,904,2,0.797178130511
1616,1505,111,1,0.931311881188
719,35,684,2,0.951321279555
875,1,874,2,0.998857142857
1648,1576,72,1,0.956310679612
1704,1430,274,2,0.160798122066
1616,1520,96,1,0.940594059406
1622,1597,25,2,0.0154130702836
1568,1568,0,1,1.0
1642,1605,37,2,0.0225334957369
1563,1540,23,1,0.985284708893
1766,1692,74,2,0.0419026047565
1619,1564,55,1,0.9660284126
1586,1570,16,2,0.0100882723834
1678,1543,135,1,0.919547079857
1526,1522,4,1,0.997378768021
1754,1748,6,2,0.00342075256556
1116,458,658,2,0.589605734767
1674,1512,162,1,0.903225806452
1446,1149,297,2,0.205394190871
1732,1626,106,1,0.938799076212
801,2,799,2,0.997503121099
918,109,809,2,0.881263616558
821,7,814,2,0.991473812424
1051,464,587,2,0.558515699334
1695,1568,127,1,0.925073746313
803,1,802,2,0.998754669988
1571,1571,0,1,1.0
1556,1514,42,1,0.973007712082
1679,1599,80,1,0.952352590828
1579,1556,23,1,0.985433818873
1142,193,949,2,0.830998248687
1578,1558,20,1,0.987325728771
1596,1541,55,1,0.965538847118
1782,1625,157,1,0.91189674523
801,5,796,2,0.993757802747
1576,1527,49,1,0.968908629442
1700,1548,152,1,0.910588235294
1707,1584,123,1,0.927943760984
1614,1586,28,1,0.982651796778
1649,1573,76,1,0.953911461492
1711,1564,147,1,0.914085330216
1654,1187,467,2,0.282345828295
1660,1600,60,1,0.963855421687
1755,1580,175,1,0.900284900285
1756,1626,130,1,0.925968109339
1679,1617,62,1,0.963073257892
1750,1637,113,1,0.935428571429
1669,1555,114,1,0.931695626123
762,28,734,2,0.963254593176
1677,1626,51,2,0.0304114490161
1653,1612,41,1,0.97519661222
1611,1498,113,1,0.929857231533
1669,1662,7,1,0.99580587178
1657,1648,9,1,0.994568497284
1547,1520,27,1,0.9825468649
1637,1522,115,2,0.0702504581552
897,0,897,2,1.0
835,3,832,2,0.996407185629
1578,1497,81,1,0.948669201521
1468,1201,267,2,0.181880108992
1648,1617,31,1,0.981189320388
944,10,934,2,0.989406779661
1723,1632,91,1,0.947185142194
1735,1565,170,1,0.902017291066
910,4,906,2,0.995604395604
1673,1616,57,1,0.965929468022
1614,1496,118,1,0.926889714994
955,113,842,2,0.88167539267
1632,1623,9,1,0.994485294118
1631,1611,20,1,0.987737584304
1697,1241,456,2,0.268709487331
877,1,876,2,0.998859749145
1711,1583,128,2,0.0748100526008
802,0,802,2,1.0
1510,1510,0,1,1.0
1697,1559,138,1,0.918680023571
1669,1592,77,1,0.953864589575
1583,1579,4,1,0.997473152243
1104,464,640,2,0.579710144928
1650,1541,109,1,0.933939393939
1702,1543,159,2,0.093419506463
771,17,754,2,0.977950713359
1627,1557,70,1,0.956976029502
1724,1538,186,2,0.10788863109
1424,1097,327,2,0.229634831461
1607,1569,38,1,0.97635345364
1667,1627,40,1,0.97600479904
818,9,809,2,0.988997555012
1754,1598,156,2,0.0889395667047
1608,1561,47,1,0.970771144279
1758,1566,192,1,0.890784982935
1641,1596,45,2,0.0274223034735
1620,1589,31,1,0.980864197531
1536,1490,46,1,0.970052083333
1666,1618,48,1,0.97118847539
1712,1668,44,1,0.974299065421
810,0,810,2,1.0
1790,1790,0,2,0.0
784,20,764,2,0.974489795918
860,68,792,2,0.920930232558
850,4,846,2,0.995294117647
1674,1434,240,2,0.143369175627
847,36,811,2,0.957497048406
1781,1574,207,1,0.883773161145
1706,1606,100,1,0.941383352872
1653,1573,80,1,0.951603145796
1594,1577,17,1,0.989335006274
1650,1598,52,1,0.968484848485
1578,1555,23,1,0.985424588086
1524,1500,24,1,0.984251968504
885,32,853,2,0.96384180791
1617,1515,102,1,0.936920222635
1557,1515,42,1,0.97302504817
1624,1547,77,1,0.952586206897
967,240,727,2,0.751809720786
1560,1532,28,1,0.982051282051
977,170,807,2,0.825997952917
1572,1538,34,1,0.978371501272
795,19,776,2,0.976100628931
791,2,789,2,0.997471554994
1563,1563,0,1,1.0
1599,1588,11,1,0.993120700438
1670,1571,99,1,0.940718562874
1660,1575,85,2,0.0512048192771
1686,1626,60,2,0.0355871886121
1122,657,465,2,0.414438502674
1654,1595,59,1,0.964328899637
1625,1034,591,2,0.363692307692
1133,538,595,2,0.525154457193
1860,1507,353,2,0.189784946237
1668,1586,82,1,0.950839328537
1561,1555,6,1,0.996156310058
955,9,946,2,0.99057591623
1544,1535,9,1,0.994170984456
818,2,816,2,0.997555012225
710,0,710,2,1.0
959,177,782,2,0.81543274244
1689,1128,561,2,0.33214920071
1717,1594,123,1,0.928363424578
1662,1489,173,1,0.895908543923
1603,1578,25,2,0.0155957579538
1530,1530,0,1,1.0
1580,1580,0,1,1.0
793,1,792,2,0.998738965952
864,5,859,2,0.994212962963
1620,1333,287,2,0.177160493827
1616,1594,22,1,0.986386138614
892,16,876,2,0.982062780269
1598,1572,26,1,0.983729662078
1612,1554,58,1,0.964019851117
1407,716,691,2,0.491115849325
1789,1355,434,2,0.242593627725
1527,1487,40,1,0.973804846103
834,1,833,2,0.998800959233
1759,1607,152,1,0.913587265492
1618,1492,126,1,0.922126081582
942,110,832,2,0.883227176221
758,4,754,2,0.994722955145
1711,1580,131,1,0.923436586791
1556,1499,57,1,0.963367609254
1610,1541,69,2,0.0428571428571
1609,1570,39,1,0.975761342449
1682,1592,90,2,0.0535077288942
1683,1651,32,1,0.980986333928
1696,1599,97,1,0.942806603774
1654,1606,48,1,0.970979443773
1535,1513,22,1,0.985667752443
1664,1572,92,1,0.944711538462
1019,76,943,2,0.925417075564
1521,1521,0,1,1.0
1184,583,601,2,0.507601351351
1195,581,614,2,0.513807531381
1550,1529,21,1,0.986451612903
1167,538,629,2,0.538988860326
1573,1569,4,1,0.997457088366
920,76,844,2,0.917391304348
1637,1566,71,1,0.956627978009
879,10,869,2,0.988623435722
1585,1585,0,1,1.0
1526,1507,19,1,0.9875491481
1823,1433,390,2,0.213933077345
1740,1577,163,1,0.90632183908
1634,1554,80,1,0.951040391677
1627,1613,14,2,0.00860479409957
823,0,823,2,1.0
989,261,728,2,0.736097067745
1657,1593,64,1,0.961375980688
1590,1565,25,1,0.98427672956
781,0,781,2,1.0
1699,1581,118,1,0.930547380812
1752,1611,141,1,0.919520547945
1491,1488,3,1,0.997987927565
807,2,805,2,0.997521685254
999,80,919,2,0.91991991992
1618,1555,63,1,0.961063040791
877,18,859,2,0.979475484607
1652,1392,260,2,0.157384987893
1767,1504,263,1,0.851160158461
1705,1643,62,1,0.963636363636
1603,1578,25,1,0.984404242046
1615,1576,39,1,0.975851393189
1678,1559,119,1,0.929082240763
938,31,907,2,0.966950959488
1649,1566,83,1,0.949666464524
964,18,946,2,0.98132780083
913,57,856,2,0.937568455641
856,44,812,2,0.948598130841
1602,1578,24,1,0.985018726592
1570,1513,57,1,0.963694267516
1684,1602,82,1,0.951306413302
1228,463,765,2,0.622964169381
1629,1323,306,2,0.187845303867
1666,1552,114,1,0.931572629052
1274,417,857,2,0.672684458399
1591,1521,70,1,0.956002514142
1505,829,676,2,0.449169435216
1518,1467,51,1,0.966403162055
1606,1572,34,1,0.978829389788
1741,1634,107,1,0.938541068352
1582,1549,33,1,0.979140328698
1769,1647,122,1,0.931034482759
753,42,711,2,0.94422310757
1621,1621,0,1,1.0
1780,1585,195,1,0.890449438202
1632,1584,48,1,0.970588235294
1698,1633,65,1,0.9617196702
916,22,894,2,0.975982532751
874,22,852,2,0.974828375286
760,10,750,2,0.986842105263
1606,1554,52,1,0.967621419676
1694,1659,35,2,0.0206611570248
891,0,891,2,1.0
1690,1568,122,1,0.927810650888
927,0,927,2,1.0
1687,1574,113,2,0.0669828097214
1720,1556,164,1,0.904651162791
1650,1579,71,1,0.95696969697
1598,1578,20,1,0.987484355444
1840,1655,185,2,0.100543478261
1689,1664,25,1,0.985198342214
1166,684,482,2,0.413379073756
1740,1647,93,1,0.946551724138
1247,626,621,2,0.497995188452
879,0,879,2,1.0
1713,1602,111,2,0.0647985989492
1627,1506,121,1,0.925629993854
1543,1529,14,1,0.99092676604
1777,1775,2,2,0.00112549240293
1718,1718,0,2,0.0
1600,1537,63,1,0.960625
1689,1676,13,1,0.992303137951
1635,1560,75,1,0.954128440367
919,3,916,2,0.996735582155
1080,160,920,2,0.851851851852
1762,1627,135,1,0.923382519864
1618,1606,12,1,0.992583436341
1815,1575,240,1,0.867768595041
1887,1699,188,1,0.900370959194
1617,1617,0,2,0.0
1616,1133,483,2,0.298886138614
1061,260,801,2,0.754948162111
1694,1619,75,2,0.0442739079103
992,115,877,2,0.884072580645
1665,1592,73,1,0.956156156156
1556,1553,3,1,0.998071979434
785,5,780,2,0.993630573248
1594,1566,28,1,0.98243412798
1623,1549,74,1,0.954405422058
847,3,844,2,0.996458087367
1611,1547,64,1,0.960273122284
777,8,769,2,0.989703989704
837,14,823,2,0.983273596177
890,9,881,2,0.989887640449
894,222,672,2,0.751677852349
1670,1577,93,1,0.944311377246
1595,1539,56,1,0.964890282132
1725,1508,217,2,0.125797101449
833,1,832,2,0.998799519808
1849,1486,363,2,0.196322336398
908,21,887,2,0.976872246696
887,0,887,2,1.0
1551,1535,16,1,0.98968407479
1446,1425,21,1,0.985477178423
1689,1616,73,1,0.956779159266
1614,1550,64,1,0.960346964064
1325,1010,315,2,0.237735849057
1671,1580,91,2,0.0544584081388
1134,274,860,2,0.758377425044
1545,1545,0,2,0.0
1640,1517,123,1,0.925
1686,1606,80,1,0.952550415184
1773,1773,0,2,0.0
1558,1512,46,1,0.970474967908
1695,1616,79,2,0.0466076696165
1556,1548,8,1,0.994858611825
1690,1319,371,2,0.219526627219
1543,1524,19,1,0.98768632534
849,19,830,2,0.977620730271
1572,1571,1,1,0.999363867684
1624,1550,74,1,0.954433497537
1704,1572,132,1,0.922535211268
1545,1498,47,1,0.969579288026
1804,1575,229,1,0.873059866962
1609,1609,0,1,1.0
1771,1609,162,1,0.908526256352
1559,1530,29,1,0.981398332264
1689,1655,34,1,0.979869745411
1528,1398,130,2,0.0850785340314
885,4,881,2,0.995480225989
1602,1542,60,1,0.962546816479
1760,1724,36,2,0.0204545454545
1567,1554,13,1,0.991703892789
1684,1619,65,1,0.961401425178
1751,1556,195,1,0.888635065677
869,1,868,2,0.998849252014
855,7,848,2,0.991812865497
1582,1556,26,1,0.983565107459
1641,1605,36,1,0.978062157221
1674,1548,126,1,0.924731182796
1720,1568,152,1,0.911627906977
1854,1639,215,1,0.884034519957
1732,1651,81,1,0.953233256351
1038,285,753,2,0.725433526012
1612,1559,53,1,0.967121588089
1785,1580,205,1,0.885154061625
949,29,920,2,0.969441517387
896,0,896,2,1.0
1617,1572,45,1,0.972170686456
1725,1680,45,1,0.973913043478
873,70,803,2,0.91981672394
1629,1539,90,1,0.944751381215
923,58,865,2,0.937161430119
1698,1499,199,2,0.117196702002
1730,1636,94,1,0.945664739884
1593,1585,8,1,0.994978028876
827,0,827,2,1.0
907,3,904,2,0.996692392503
1373,936,437,2,0.318281136198
1603,1568,35,1,0.978165938865
1662,1557,105,1,0.936823104693
896,1,895,2,0.998883928571
1655,1493,162,2,0.0978851963746
1701,1519,182,1,0.893004115226
1672,1522,150,1,0.91028708134
1689,1622,67,1,0.960331557134
1576,1393,183,2,0.116116751269
1550,1530,20,1,0.987096774194
835,0,835,2,1.0
852,45,807,2,0.947183098592
1542,1523,19,1,0.987678339818
780,52,728,2,0.933333333333
958,79,879,2,0.917536534447
1691,1585,106,1,0.937315198108
1208,796,412,2,0.341059602649
1716,1540,176,2,0.102564102564
1571,1571,0,1,1.0
1700,1590,110,1,0.935294117647
1653,1642,11,2,0.00665456745312
1882,1585,297,1,0.842189160468
896,111,785,2,0.876116071429
1721,1566,155,1,0.909936083672
902,150,752,2,0.833702882483
808,3,805,2,0.996287128713
1666,1605,61,1,0.963385354142
1561,1540,21,1,0.986547085202
764,0,764,2,1.0
1594,1506,88,1,0.944792973651
1682,1592,90,1,0.946492271106
1577,1507,70,1,0.95561192137
1658,1526,132,1,0.920386007238
1751,1575,176,1,0.899486007995
1728,1676,52,1,0.969907407407
1670,1560,110,1,0.934131736527
1598,1549,49,1,0.969336670839
1569,1569,0,1,1.0
1615,1570,45,1,0.97213622291
864,0,864,2,1.0
963,231,732,2,0.760124610592
1694,1598,96,1,0.943329397875
1712,1580,132,1,0.922897196262
903,0,903,2,1.0
943,96,847,2,0.898197242842
1021,141,880,2,0.861900097943
851,8,843,2,0.990599294947
1844,1595,249,1,0.864967462039
1616,1582,34,1,0.97896039604
1749,1577,172,1,0.901658090337
1497,1487,10,1,0.99331997328
1555,1555,0,2,0.0
1582,1531,51,1,0.967762326169
1697,1542,155,1,0.908662345315
1629,1588,41,1,0.974831184776
733,1,732,2,0.99863574352
1777,1569,208,1,0.882948790096
928,185,743,2,0.800646551724
1570,1551,19,1,0.987898089172
1558,1517,41,1,0.973684210526
810,0,810,2,1.0
1596,1536,60,1,0.962406015038
1837,1621,216,1,0.882416984213
934,42,892,2,0.955032119914
956,67,889,2,0.929916317992
1743,1743,0,2,0.0
1598,1512,86,1,0.946182728411
932,40,892,2,0.957081545064
740,0,740,2,1.0
910,23,887,2,0.974725274725
1750,1668,82,1,0.953142857143
969,175,794,2,0.819401444788
1822,1583,239,1,0.86882546652
1138,338,800,2,0.702987697715
1223,516,707,2,0.578086672118
1588,1550,38,1,0.976070528967
853,4,849,2,0.99531066823
1673,1522,151,2,0.0902570233114
1539,1498,41,1,0.973359324237
826,6,820,2,0.992736077482
1752,1561,191,1,0.89098173516
1783,1256,527,2,0.295569265283
786,2,784,2,0.997455470738
783,4,779,2,0.994891443167
853,0,853,2,1.0
1569,1548,21,2,0.0133843212237
1706,1621,85,1,0.950175849941
870,12,858,2,0.986206896552
889,0,889,2,1.0
932,10,922,2,0.989270386266
1748,1522,226,2,0.129290617849
1998,1542,456,2,0.228228228228
1671,1612,59,1,0.964691801317
836,0,836,2,1.0
1634,1502,132,1,0.919216646267
1621,1529,92,1,0.943244910549
789,2,787,2,0.997465145754
852,0,852,2,1.0
1747,1366,381,2,0.218088151116
910,35,875,2,0.961538461538
1635,1613,22,1,0.986544342508
1639,1575,64,1,0.960951799878
830,2,828,2,0.997590361446
901,5,896,2,0.994450610433
1804,1694,110,2,0.0609756097561
1651,1591,60,1,0.963658388855
1591,1585,6,1,0.996228786926
1730,1632,98,1,0.943352601156
830,16,814,2,0.980722891566
1650,1374,276,2,0.167272727273
1593,1526,67,1,0.957940991839
1570,1543,27,1,0.982802547771
1627,1618,9,1,0.99446834665
1624,1542,82,1,0.949507389163
854,0,854,2,1.0
1862,1475,387,2,0.207841031149
1600,1470,130,1,0.91875
1626,1549,77,1,0.952644526445
1510,1502,8,1,0.994701986755
1559,1505,54,1,0.965362411802
1666,1592,74,1,0.955582232893
1899,1453,446,2,0.23486045287
1658,1576,82,1,0.950542822678
916,63,853,2,0.931222707424
782,5,777,2,0.993606138107
1061,375,686,2,0.646559849199
1731,1344,387,2,0.223570190641
1719,1577,142,1,0.917393833624
1638,1580,58,1,0.964590964591
1734,1553,181,1,0.895617070358
1753,1639,114,1,0.934968625214
817,5,812,2,0.99388004896
887,3,884,2,0.996617812852
1587,1551,36,1,0.977315689981
1541,1512,29,1,0.981181051265
935,46,889,2,0.950802139037
1067,160,907,2,0.850046860356
1662,1583,79,2,0.0475330926594
858,21,837,2,0.975524475524
1786,1570,216,1,0.879059350504
1563,1532,31,1,0.980166346769
1659,1565,94,1,0.943339361061
786,0,786,2,1.0
795,6,789,2,0.992452830189
1695,1604,91,1,0.946312684366
835,12,823,2,0.985628742515
885,4,881,2,0.995480225989
1739,1579,160,1,0.907993099482
805,42,763,2,0.947826086957
1676,1587,89,1,0.946897374702
1714,1591,123,1,0.928238039673
1592,1516,76,1,0.952261306533
897,31,866,2,0.965440356745
1540,1540,0,1,1.0
1722,1601,121,1,0.929732868757
1593,1574,19,1,0.988072818581
1690,1690,0,2,0.0
1683,1647,36,2,0.0213903743316
1678,1567,111,1,0.933849821216
1230,436,794,2,0.645528455285
1605,1562,43,1,0.973208722741
885,0,885,2,1.0
988,247,741,2,0.75
1673,1614,59,1,0.964734010759
1597,1561,36,1,0.97745773325
1626,1156,470,2,0.289052890529
1615,1559,56,1,0.965325077399
929,35,894,2,0.962325080732
1656,1575,81,1,0.951086956522
1717,1559,158,1,0.907979033197
1601,1537,64,1,0.960024984385
1629,1629,0,2,0.0
1566,1566,0,1,1.0
1182,442,740,2,0.626057529611
1668,1589,79,1,0.952637889688
1682,1605,77,1,0.954221165279
1840,1626,214,1,0.883695652174
1564,1529,35,1,0.977621483376
1016,262,754,2,0.742125984252
1527,1510,17,1,0.988867059594
1727,1608,119,2,0.0689056166763
799,49,750,2,0.938673341677
1694,1624,70,1,0.95867768595
1680,1619,61,1,0.96369047619
1596,1567,29,1,0.981829573935
1726,1726,0,2,0.0
1536,1527,9,1,0.994140625
1841,1623,218,1,0.881586094514
1722,1568,154,1,0.910569105691
1779,1590,189,1,0.893760539629
1650,1616,34,2,0.0206060606061
1700,1580,120,1,0.929411764706
1754,1600,154,1,0.912200684151
1589,1535,54,1,0.966016362492
785,1,784,2,0.99872611465
925,18,907,2,0.980540540541
1732,1588,144,1,0.916859122402
776,57,719,2,0.926546391753
1797,1606,191,1,0.893711741792
1574,1568,6,1,0.996188055909
1643,1531,112,1,0.931832014607
863,2,861,2,0.997682502897
1561,1503,58,1,0.962844330557
1630,1602,28,1,0.98282208589
1573,1438,135,1,0.914176732359
748,77,671,2,0.897058823529
1693,1671,22,2,0.0129946839929
1602,1563,39,1,0.975655430712
1546,1541,5,1,0.996765847348
1647,1607,40,1,0.975713418336
1666,1569,97,1,0.941776710684
1625,1603,22,1,0.986461538462
1324,636,688,2,0.519637462236
1674,1608,66,1,0.960573476703
1638,1564,74,1,0.954822954823
789,5,784,2,0.993662864385
1714,1606,108,2,0.0630105017503
1612,1612,0,1,1.0
835,34,801,2,0.959281437126
1610,1537,73,1,0.954658385093
1557,1555,2,1,0.998715478484
1574,1544,30,1,0.980940279543
1638,1112,526,2,0.321123321123
1684,1566,118,1,0.929928741093
1606,1581,25,2,0.0155666251557
898,29,869,2,0.967706013363
821,6,815,2,0.99269183922
1573,1543,30,1,0.980928162746
1656,1586,70,1,0.957729468599
907,3,904,2,0.996692392503
1565,1562,3,1,0.998083067093
926,54,872,2,0.941684665227
1650,1534,116,1,0.929696969697
997,82,915,2,0.917753259779
853,0,853,2,1.0
944,121,823,2,0.871822033898
1740,1590,150,1,0.913793103448
895,0,895,2,1.0
1541,1541,0,1,1.0
1636,1566,70,2,0.0427872860636
1534,1527,7,1,0.995436766623
832,1,831,2,0.998798076923
1782,1568,214,2,0.120089786756
831,2,829,2,0.997593261131
1674,1581,93,1,0.944444444444
1209,489,720,2,0.595533498759
782,26,756,2,0.966751918159
1697,1618,79,1,0.95344725987
1658,1580,78,1,0.952955367913
1609,1527,82,1,0.949036668738
967,113,854,2,0.883143743537
1575,1207,368,2,0.233650793651
1695,1584,111,1,0.934513274336
1198,632,566,2,0.47245409015
1642,1550,92,1,0.943970767357
972,4,968,2,0.995884773663
1593,1575,18,1,0.988700564972
863,15,848,2,0.982618771727
1723,1097,626,2,0.363319791062
804,16,788,2,0.980099502488
1521,1439,82,1,0.946088099934
909,4,905,2,0.995599559956
1642,1581,61,1,0.962850182704
1586,1552,34,1,0.978562421185
915,94,821,2,0.897267759563
1102,377,725,2,0.657894736842
905,111,794,2,0.877348066298
960,107,853,2,0.888541666667
1566,1526,40,1,0.974457215837
1729,1585,144,2,0.0832851359167
1000,63,937,2,0.937
984,87,897,2,0.911585365854
814,11,803,2,0.986486486486
1800,1594,206,1,0.885555555556
786,0,786,2,1.0
1673,1494,179,1,0.893006575015
1672,1502,170,2,0.101674641148
1645,1552,93,1,0.943465045593
1589,1560,29,1,0.981749528005
1794,1625,169,2,0.0942028985507
732,0,732,2,1.0
1043,280,763,2,0.731543624161
1531,1475,56,1,0.963422599608
1780,1544,236,2,0.132584269663
866,20,846,2,0.976905311778
1677,1581,96,1,0.942754919499
1644,1498,146,1,0.911192214112
1821,1536,285,2,0.156507413509
1686,1624,62,1,0.963226571767
1166,396,770,2,0.660377358491
1506,1506,0,2,0.0
1671,1612,59,1,0.964691801317
1623,1574,49,1,0.969808995687
1772,1612,160,2,0.0902934537246
1975,1461,514,2,0.260253164557
938,0,938,2,1.0
1625,1580,45,1,0.972307692308
1656,1569,87,1,0.947463768116
1695,1622,73,1,0.956932153392
1189,767,422,2,0.354920100925
890,0,890,2,1.0
840,7,833,2,0.991666666667
1530,1287,243,2,0.158823529412
1674,1589,85,1,0.949223416965
1579,1579,0,1,1.0
861,7,854,2,0.991869918699
1695,1569,126,1,0.925663716814
1646,1509,137,1,0.916767922236
1691,1594,97,1,0.942637492608
1590,1544,46,1,0.97106918239
1646,1381,265,2,0.1609963548
787,0,787,2,1.0
1635,1571,64,1,0.960856269113
1651,1597,54,1,0.96729254997
880,63,817,2,0.928409090909
1638,1586,52,2,0.031746031746
1606,1540,66,1,0.958904109589
1574,1539,35,1,0.977763659466
1537,1534,3,2,0.00195185426155
1677,1567,110,1,0.934406678593
1598,1555,43,1,0.973091364205
1690,1566,124,2,0.0733727810651
1643,1567,76,1,0.953743152769
1682,1583,99,2,0.0588585017836
1533,1510,23,1,0.984996738421
1604,1533,71,2,0.0442643391521
1596,1542,54,1,0.966165413534
1675,1565,110,1,0.934328358209
1590,1582,8,1,0.994968553459
1664,1592,72,1,0.956730769231
969,38,931,2,0.960784313725
1533,1533,0,1,1.0
1548,1250,298,2,0.192506459948
1634,1518,116,1,0.929008567931
1672,1624,48,1,0.971291866029
1784,1323,461,2,0.258408071749
1713,1586,127,1,0.925861062464
806,2,804,2,0.997518610422
1572,1547,25,1,0.984096692112
1663,1529,134,1,0.919422730006
1756,1614,142,1,0.919134396355
1654,1602,52,1,0.968561064087
1519,1507,12,1,0.992100065833
803,0,803,2,1.0
1603,1595,8,1,0.995009357455
1635,1566,69,1,0.957798165138
1536,1536,0,1,1.0
832,3,829,2,0.996394230769
1135,236,899,2,0.792070484581
1765,1579,186,1,0.894617563739
1798,1476,322,2,0.179087875417
924,159,765,2,0.827922077922
1594,1561,33,1,0.979297365119
1598,1551,47,1,0.970588235294
1574,1504,70,1,0.955527318933
1632,1562,70,1,0.957107843137
904,78,826,2,0.913716814159
957,112,845,2,0.882967607106
1053,316,737,2,0.699905033238
1688,1688,0,2,0.0
1744,1494,250,2,0.143348623853
1728,1608,120,1,0.930555555556
1759,1583,176,2,0.100056850483
1702,1418,284,2,0.166862514689
943,5,938,2,0.994697773065
1890,1628,262,2,0.138624338624
977,108,869,2,0.88945752303
817,43,774,2,0.947368421053
1636,1550,86,1,0.947432762836
1629,1558,71,1,0.956414978514
850,2,848,2,0.997647058824
1616,1616,0,1,1.0
1598,1541,57,1,0.964330413016
1253,794,459,2,0.366320830008
932,1,931,2,0.998927038627
1268,758,510,2,0.402208201893
1692,1589,103,1,0.939125295508
1589,1578,11,1,0.993077407174
942,182,760,2,0.806794055202
1556,1527,29,1,0.981362467866
1082,318,764,2,0.706099815157
1721,1592,129,1,0.925043579314
1771,1751,20,2,0.0112930547713
1812,1449,363,2,0.200331125828
1595,1550,45,1,0.971786833856
1607,1567,40,1,0.975108898569
894,0,894,2,1.0
1698,1562,136,1,0.919905771496
1601,1523,78,1,0.951280449719
1767,1697,70,2,0.0396151669496
765,0,765,2,1.0
1507,1500,7,1,0.995355009954
834,15,819,2,0.982014388489
1660,1542,118,1,0.928915662651
656,9,647,2,0.986280487805
1773,1607,166,2,0.0936266215454
1604,1541,63,1,0.96072319202
1837,1476,361,2,0.196516058792
1195,659,536,2,0.448535564854
1675,1578,97,1,0.942089552239
844,4,840,2,0.995260663507
874,67,807,2,0.923340961098
1699,1572,127,1,0.925250147145
1623,1591,32,1,0.980283425755
1700,1629,71,1,0.958235294118
1633,1527,106,1,0.935088793631
842,10,832,2,0.988123515439
1625,1577,48,1,0.970461538462
850,13,837,2,0.984705882353
849,1,848,2,0.998822143698
1647,1606,41,1,0.975106253795
1632,1559,73,1,0.955269607843
1676,1578,98,1,0.941527446301
1667,1602,65,1,0.96100779844
1602,1602,0,2,0.0
1548,1548,0,1,1.0
1531,1464,67,1,0.956237753103
806,0,806,2,1.0
1505,1472,33,1,0.978073089701
1573,1549,24,1,0.984742530197
858,8,850,2,0.990675990676
1622,1613,9,2,0.0055487053021
1176,383,793,2,0.674319727891
1352,606,746,2,0.551775147929
928,16,912,2,0.98275862069
898,37,861,2,0.958797327394
933,0,933,2,1.0
1635,1612,23,1,0.985932721713
1507,558,949,2,0.629727936297
1607,1592,15,1,0.990665836963
929,8,921,2,0.991388589882
1758,1747,11,2,0.00625711035267
1786,1558,228,2,0.127659574468
1669,1623,46,1,0.97243858598
793,0,793,2,1.0
1872,1148,724,2,0.386752136752
1684,1619,65,1,0.961401425178
1638,1534,104,1,0.936507936508
908,98,810,2,0.892070484581
1566,1536,30,1,0.980842911877
1716,1584,132,1,0.923076923077
897,100,797,2,0.888517279822
866,18,848,2,0.9792147806
1737,1605,132,1,0.924006908463
1703,1594,109,2,0.0640046975925
1591,1569,22,1,0.98617221873
1685,1589,96,1,0.943026706231
1733,1658,75,2,0.0432775533756
892,0,892,2,1.0
1608,1559,49,1,0.969527363184
1642,1566,76,1,0.95371498173
916,100,816,2,0.890829694323
924,90,834,2,0.902597402597
940,55,885,2,0.941489361702
1652,1584,68,1,0.958837772397
815,56,759,2,0.931288343558
1689,1543,146,1,0.913558318532
944,7,937,2,0.992584745763
1622,1565,57,1,0.964858199753
1211,404,807,2,0.666391412056
906,107,799,2,0.881898454746
1112,374,738,2,0.663669064748
1571,1552,19,2,0.0120942075111
1601,1545,56,1,0.965021861337
942,0,942,2,1.0
888,5,883,2,0.994369369369
1587,1551,36,1,0.977315689981
1811,1660,151,2,0.0833793484263
1737,1615,122,1,0.929763960852
803,2,801,2,0.997509339975
1530,1085,445,2,0.290849673203
1583,1570,13,2,0.00821225521162
1582,1524,58,1,0.963337547408
1656,1562,94,1,0.943236714976
1630,1581,49,1,0.969938650307
1807,1616,191,1,0.89429994466
1728,1546,182,1,0.894675925926
1558,1515,43,1,0.972400513479
952,40,912,2,0.957983193277
1779,1532,247,2,0.138842046093
1583,1567,16,1,0.98989260897
1590,1488,102,1,0.935849056604
1659,1610,49,1,0.970464135021
1615,1585,30,1,0.981424148607
1632,1540,92,1,0.94362745098
1686,1379,307,2,0.182087781732
1596,1578,18,1,0.988721804511
894,0,894,2,1.0
1655,1567,88,1,0.946827794562
1609,1585,24,1,0.985083903045
1241,447,794,2,0.639806607575
1292,863,429,2,0.332043343653
1589,1589,0,1,1.0
1392,864,528,2,0.379310344828
1579,1526,53,1,0.966434452185
777,14,763,2,0.981981981982
1622,1565,57,1,0.964858199753
1743,1613,130,1,0.925415949512
1484,794,690,2,0.464959568733
1618,1548,70,1,0.95673671199
892,36,856,2,0.959641255605
1681,1480,201,2,0.119571683522
1717,1623,94,2,0.0547466511357
1066,81,985,2,0.924015009381
976,267,709,2,0.72643442623
1523,1501,22,1,0.985554826001
1705,1572,133,1,0.921994134897
1618,1577,41,1,0.974660074166
1177,484,693,2,0.588785046729
1693,1516,177,2,0.104548139398
1743,1600,143,2,0.0820424555364
1614,1594,20,1,0.98760842627
1770,1573,197,1,0.888700564972
1806,1511,295,2,0.16334440753
1770,1770,0,2,0.0
888,0,888,2,1.0
861,21,840,2,0.975609756098
1585,1547,38,1,0.976025236593
1820,1659,161,2,0.0884615384615
1599,1590,9,1,0.994371482176
1777,1592,185,2,0.104108047271
962,252,710,2,0.738045738046
1735,1561,174,2,0.100288184438
1525,1481,44,1,0.971147540984
1718,1585,133,1,0.922584400466
1655,1655,0,2,0.0
1087,315,772,2,0.710211591536
1605,1598,7,1,0.995638629283
1618,1513,105,2,0.0648949320148
902,5,897,2,0.994456762749
1770,1555,215,1,0.878531073446
1603,1587,16,1,0.99001871491
1159,589,570,2,0.491803278689
820,9,811,2,0.989024390244
1599,1569,30,1,0.981238273921
728,4,724,2,0.994505494505
1605,1519,86,1,0.946417445483
1635,1553,82,2,0.0501529051988
1613,1556,57,1,0.964662120273
816,0,816,2,1.0
1672,1550,122,1,0.927033492823
1590,1519,71,1,0.95534591195
1757,1727,30,2,0.0170745589072
1813,1636,177,1,0.902371759515
1756,1752,4,2,0.00227790432802
1863,1618,245,1,0.868491680086
1611,1611,0,1,1.0
768,0,768,2,1.0
1699,1627,72,2,0.0423778693349
1030,209,821,2,0.797087378641
1863,1610,253,2,0.135802469136
1561,1521,40,1,0.974375400384
984,413,571,2,0.580284552846
848,18,830,2,0.978773584906
1801,1632,169,1,0.906163242643
878,117,761,2,0.866742596811
1165,500,665,2,0.570815450644
1905,1589,316,2,0.165879265092
1441,1066,375,2,0.260235947259
1119,381,738,2,0.659517426273
1658,1542,116,1,0.930036188179
1725,1538,187,2,0.108405797101
861,48,813,2,0.94425087108
1548,1548,0,1,1.0
901,1,900,2,0.998890122087
1605,1596,9,1,0.994392523364
1734,1668,66,1,0.961937716263
1587,1548,39,1,0.975425330813
918,232,686,2,0.747276688453
1802,1596,206,1,0.885682574917
1748,1618,130,1,0.925629290618
1440,1178,262,2,0.181944444444
1613,1598,15,1,0.990700557967
1847,1334,513,2,0.277747698971
1618,1511,107,1,0.933868974042
1655,1520,135,1,0.918429003021
1560,1530,30,1,0.980769230769
1624,1563,61,1,0.962438423645
1540,1535,5,1,0.996753246753
1474,832,642,2,0.435549525102
926,104,822,2,0.887688984881
985,0,985,2,1.0
1746,1555,191,1,0.890607101947
1534,1205,329,2,0.214471968709
1730,1679,51,1,0.970520231214
1380,728,652,2,0.472463768116
1675,1552,123,1,0.926567164179
874,29,845,2,0.966819221968
1661,1630,31,1,0.98133654425
1652,1636,16,2,0.00968523002421
1683,1580,103,2,0.0612002376708
849,35,814,2,0.958775029446
1795,1607,188,1,0.895264623955
1688,1572,116,1,0.931279620853
1576,1576,0,1,1.0
1561,1516,45,1,0.971172325432
1611,1384,227,2,0.140906269398
868,7,861,2,0.991935483871
870,43,827,2,0.950574712644
1720,1574,146,1,0.91511627907
1543,1510,33,1,0.97861309138
1690,1597,93,1,0.944970414201
1433,1039,394,2,0.274947662247
1824,1631,193,1,0.894188596491
1703,1655,48,1,0.971814445097
1547,774,773,2,0.499676793794
935,0,935,2,1.0
866,131,735,2,0.848729792148
956,218,738,2,0.771966527197
1699,1554,145,1,0.914655679812
1547,1514,33,1,0.978668390433
1666,1582,84,1,0.949579831933
869,26,843,2,0.970080552359
918,0,918,2,1.0
894,3,891,2,0.996644295302
831,127,704,2,0.847172081829
1690,1630,60,1,0.96449704142
1073,484,589,2,0.548928238583
1589,1575,14,1,0.991189427313
1745,1744,1,2,0.000573065902579
1663,1554,109,1,0.934455802766
1688,1631,57,1,0.966232227488
1682,1569,113,1,0.932818073722
826,2,824,2,0.997578692494
1738,1635,103,1,0.940736478711
1553,1496,57,1,0.963296844816
882,4,878,2,0.995464852608
1686,1537,149,1,0.91162514828
1590,1577,13,1,0.991823899371
1787,1658,129,1,0.927811975378
1442,800,642,2,0.445214979196
887,2,885,2,0.997745208568
828,0,828,2,1.0
977,186,791,2,0.809621289662
817,0,817,2,1.0
1626,1607,19,1,0.988314883149
1744,1622,122,1,0.93004587156
1215,662,553,2,0.455144032922
1671,1618,53,1,0.968282465589
1583,1583,0,1,1.0
1718,1604,114,2,0.0663562281723
927,12,915,2,0.987055016181
858,88,770,2,0.897435897436
1534,1488,46,1,0.97001303781
925,1,924,2,0.998918918919
1642,1516,126,1,0.923264311815
1539,1539,0,1,1.0
1909,1588,321,2,0.168150864327
905,0,905,2,1.0
1570,1536,34,1,0.978343949045
889,0,889,2,1.0
1701,1350,351,2,0.206349206349
1724,1597,127,1,0.926334106729
1568,1516,52,1,0.966836734694
1678,1410,268,2,0.159713945173
1634,1601,33,1,0.979804161567
1306,876,430,2,0.329249617152
1736,1645,91,1,0.947580645161
725,17,708,2,0.976551724138
1634,1566,68,1,0.958384332925
1540,1540,0,1,1.0
855,0,855,2,1.0
1614,1538,76,1,0.952912019827
1121,371,750,2,0.669045495094
1675,1596,79,1,0.952835820896
875,3,872,2,0.996571428571
1620,1594,26,1,0.983950617284
1665,1629,36,1,0.978378378378
1712,1559,153,2,0.0893691588785
1655,1590,65,1,0.960725075529
1609,1578,31,1,0.980733374767
1802,1661,141,1,0.921753607103
1582,1547,35,1,0.977876106195
1714,1608,106,1,0.938156359393
1732,1604,128,2,0.0739030023095
842,26,816,2,0.969121140143
1588,1549,39,1,0.975440806045
1571,1565,6,1,0.996180776575
1502,1502,0,2,0.0
857,15,842,2,0.982497082847
1521,1514,7,1,0.995397764629
1659,1600,59,1,0.964436407474
1026,121,905,2,0.882066276803
1618,1061,557,2,0.344252163164
1676,1605,71,1,0.957637231504
1479,1479,0,1,1.0
1704,1530,174,1,0.897887323944
1592,1556,36,1,0.977386934673
1839,1296,543,2,0.295269168026
1567,1513,54,1,0.965539246969
1548,1039,509,2,0.328811369509
1675,1577,98,1,0.941492537313
885,3,882,2,0.996610169492
1645,1599,46,1,0.972036474164
1605,1565,40,1,0.97507788162
1143,433,710,2,0.621172353456
1757,1472,285,2,0.162208309619
1783,1550,233,2,0.13067863152
935,89,846,2,0.904812834225
799,0,799,2,1.0
907,13,894,2,0.985667034179
1701,1599,102,1,0.940035273369
1698,1591,107,1,0.936984687868
1546,1517,29,1,0.981241914618
1608,1601,7,1,0.995646766169
1713,1602,111,1,0.935201401051
1614,1563,51,1,0.968401486989
1634,1592,42,1,0.97429620563
1607,1527,80,1,0.950217797138
1689,1606,83,1,0.950858496152
1596,1587,9,1,0.994360902256
1594,1579,15,1,0.990589711418
1648,1566,82,1,0.950242718447
1423,894,529,2,0.371749824315
879,0,879,2,1.0
1576,1568,8,1,0.994923857868
1622,1573,49,1,0.969790382244
778,0,778,2,1.0
1702,1644,58,1,0.965922444183
1695,1589,106,1,0.937463126844
1150,242,908,2,0.789565217391
1704,1533,171,1,0.899647887324
1645,1568,77,1,0.953191489362
1556,1475,81,1,0.94794344473
1671,1592,79,1,0.952722920407
1469,970,499,2,0.339686861811
1665,1577,88,1,0.947147147147
814,0,814,2,1.0
1656,1590,66,1,0.960144927536
850,1,849,2,0.998823529412
1638,1539,99,1,0.93956043956
1306,796,510,2,0.390505359877
1532,1532,0,1,1.0
1666,1571,95,1,0.942977190876
1712,1657,55,2,0.0321261682243
1740,1474,266,2,0.152873563218
1646,1549,97,1,0.941069258809
1358,994,364,2,0.268041237113
1560,1322,238,2,0.152564102564
1729,1579,150,1,0.913244650087
1539,1521,18,1,0.988304093567
885,67,818,2,0.924293785311
885,46,839,2,0.94802259887
917,22,895,2,0.9760087241
887,57,830,2,0.935738444194
1589,1577,12,1,0.992448080554
1740,1671,69,1,0.960344827586
1033,224,809,2,0.783155856728
1676,1573,103,2,0.0614558472554
1674,1596,78,2,0.0465949820789
1649,1555,94,1,0.942995755003
971,137,834,2,0.858908341916
800,0,800,2,1.0
1786,1615,171,2,0.0957446808511
853,1,852,2,0.998827667057
1625,1540,85,1,0.947692307692
1681,1625,56,1,0.966686496133
1788,1624,164,1,0.908277404922
1668,1609,59,2,0.0353717026379
1767,1598,169,1,0.904357668364
1681,1647,34,1,0.979773944081
1475,1461,14,1,0.990508474576
1708,1572,136,1,0.92037470726
1482,1462,20,2,0.0134952766532
1592,1559,33,1,0.979271356784
982,112,870,2,0.885947046843
939,0,939,2,1.0
1583,1572,11,1,0.993051168667
1585,1494,91,1,0.942586750789
1585,1563,22,1,0.986119873817
1513,1513,0,1,1.0
881,19,862,2,0.978433598184
1582,1482,100,1,0.936788874842
847,4,843,2,0.995277449823
771,1,770,2,0.998702983139
891,8,883,2,0.991021324355
771,1,770,2,0.998702983139
1986,1438,548,2,0.275931520645
1635,1568,67,1,0.959021406728
1695,1550,145,2,0.0855457227139
881,61,820,2,0.930760499432
1640,1539,101,1,0.938414634146
1581,1538,43,1,0.972802024035
1626,1576,50,1,0.969249692497
1641,1543,98,1,0.94028031688
1624,1603,21,1,0.987068965517
937,13,924,2,0.986125933831
813,0,813,2,1.0
1716,1716,0,2,0.0
1631,1567,64,1,0.960760269773
917,84,833,2,0.908396946565
1556,1556,0,1,1.0
1570,1568,2,1,0.99872611465
1715,1580,135,1,0.921282798834
1694,1670,24,1,0.985832349469
916,30,886,2,0.967248908297
763,0,763,2,1.0
982,29,953,2,0.970468431772
1642,1600,42,1,0.974421437272
1634,1542,92,1,0.943696450428
1692,1605,87,1,0.948581560284
1801,1801,0,2,0.0
858,1,857,2,0.998834498834
945,7,938,2,0.992592592593
1549,1549,0,1,1.0
1547,1547,0,1,1.0
1752,1594,158,1,0.909817351598
1625,1458,167,2,0.102769230769
975,133,842,2,0.86358974359
1740,1616,124,1,0.928735632184
875,94,781,2,0.892571428571
1658,1538,120,1,0.927623642943
1723,1581,142,1,0.9175856065
1500,1500,0,1,1.0
1671,1540,131,1,0.921603830042
1681,1602,79,1,0.953004164188
1634,1584,50,1,0.969400244798
1719,1552,167,1,0.902850494474
1767,1553,214,1,0.878890775325
975,183,792,2,0.812307692308
954,11,943,2,0.988469601677
1800,1800,0,2,0.0
912,101,811,2,0.889254385965
853,23,830,2,0.973036342321
901,11,890,2,0.987791342952
913,104,809,2,0.886089813801
1707,1707,0,2,0.0
951,56,895,2,0.941114616193
1673,1583,90,1,0.946204423192
1085,349,736,2,0.678341013825
1696,1666,30,2,0.0176886792453
880,2,878,2,0.997727272727
1604,1578,26,1,0.983790523691
1677,1559,118,1,0.929636255218
861,1,860,2,0.998838559814
1130,549,581,2,0.514159292035
1571,1538,33,1,0.978994271165
1619,1545,74,1,0.954292773317
1597,1597,0,1,1.0
1697,1538,159,1,0.906305244549
1005,47,958,2,0.953233830846
1716,1511,205,2,0.119463869464
771,0,771,2,1.0
1652,1569,83,1,0.949757869249
863,50,813,2,0.942062572422
1775,1532,243,1,0.863098591549
866,120,746,2,0.86143187067
1736,1601,135,1,0.922235023041
1754,1631,123,1,0.929874572406
1542,1538,4,1,0.997405966278
1570,1532,38,1,0.975796178344
914,18,896,2,0.980306345733
1549,1547,2,1,0.998708844416
1642,1536,106,1,0.935444579781
1573,1543,30,1,0.980928162746
843,1,842,2,0.99881376038
1102,472,630,2,0.57168784029
912,108,804,2,0.881578947368
1700,1614,86,1,0.949411764706
1724,1549,175,1,0.89849187935
1572,1518,54,1,0.965648854962
1145,318,827,2,0.722270742358
1629,1534,95,1,0.941682013505
1640,1540,100,1,0.939024390244
1726,1583,143,1,0.917149478563
1657,1538,119,2,0.0718165359083
1058,376,682,2,0.644612476371
1637,1536,101,1,0.938301771533
1704,1577,127,1,0.925469483568
1668,1665,3,1,0.998201438849
1665,1665,0,2,0.0
1589,1572,17,1,0.989301447451
1738,1738,0,2,0.0
1659,1632,27,1,0.983725135624
1611,1575,36,1,0.977653631285
929,153,776,2,0.835306781485
1100,291,809,2,0.735454545455
1874,1600,274,1,0.8537886873
1147,227,920,2,0.802092414996
804,0,804,2,1.0
1538,1508,30,1,0.980494148244
1634,1535,99,1,0.9394124847
847,12,835,2,0.985832349469
1616,1553,63,1,0.961014851485
1603,1542,61,1,0.961946350593
1616,1605,11,1,0.993193069307
846,31,815,2,0.963356973995
1315,445,870,2,0.661596958175
1671,1601,70,1,0.958108916816
780,0,780,2,1.0
859,74,785,2,0.913853317811
1719,1620,99,1,0.942408376963
1624,1584,40,1,0.975369458128
1554,1503,51,1,0.967181467181
1771,1560,211,1,0.880858272163
1231,645,586,2,0.476035743298
957,94,863,2,0.901776384535
914,27,887,2,0.9704595186
1638,1566,72,2,0.043956043956
1660,1541,119,2,0.071686746988
1678,1569,109,1,0.935041716329
1724,1514,210,2,0.12180974478
1707,1593,114,1,0.933216168717
1581,1581,0,1,1.0
1416,717,699,2,0.493644067797
883,6,877,2,0.993204983012
1614,1614,0,1,1.0
1586,1555,31,1,0.980453972257
1610,1549,61,1,0.962111801242
1592,1519,73,2,0.0458542713568
804,2,802,2,0.997512437811
990,116,874,2,0.882828282828
1680,1588,92,1,0.945238095238
1538,1464,74,1,0.95188556567
1614,1580,34,1,0.978934324659
1537,1498,39,1,0.9746258946
949,43,906,2,0.95468914647
860,2,858,2,0.997674418605
887,0,887,2,1.0
856,2,854,2,0.997663551402
1415,996,419,2,0.296113074205
776,1,775,2,0.998711340206
841,40,801,2,0.952437574316
881,24,857,2,0.972758229285
1642,1598,44,1,0.973203410475
1561,1538,23,1,0.985265855221
1639,1198,441,2,0.269066503966
1681,1492,189,2,0.11243307555
1681,1621,60,1,0.964306960143
1595,1525,70,1,0.956112852665
1708,1638,70,1,0.959016393443
825,0,825,2,1.0
1586,1586,0,1,1.0
1739,1652,87,2,0.0500287521564
1543,1505,38,1,0.97537265068
768,2,766,2,0.997395833333
885,34,851,2,0.961581920904
1503,1486,17,1,0.98868928809
1549,1537,12,1,0.992253066495
897,6,891,2,0.993311036789
1436,748,688,2,0.479108635097
1547,1528,19,1,0.987718164189
1949,1655,294,1,0.849153412006
1323,663,660,2,0.498866213152
1780,1571,209,1,0.882584269663
1587,1570,17,1,0.989287964713
1591,915,676,2,0.424890006285
871,8,863,2,0.990815154994
962,140,822,2,0.85446985447
882,3,879,2,0.996598639456
1726,1552,174,2,0.100811123986
1526,1526,0,2,0.0
1632,1564,68,1,0.958333333333
1586,1575,11,1,0.993064312736
883,1,882,2,0.998867497169
1700,1583,117,1,0.931176470588
1704,1590,114,1,0.933098591549
1698,1615,83,1,0.951118963486
1879,1650,229,1,0.878126663119
874,14,860,2,0.983981693364
857,0,857,2,1.0
1141,466,675,2,0.591586327783
1530,1499,31,1,0.979738562092
1639,1579,60,1,0.963392312386
1687,1580,107,1,0.936573799644
1571,1557,14,1,0.991088478676
1583,1576,7,1,0.995578016425
1649,1550,99,1,0.939963614312
1525,1119,406,2,0.266229508197
1639,1582,57,1,0.965222696766
1800,1646,154,2,0.0855555555556
1607,1573,34,1,0.978842563783
1782,1583,199,1,0.888327721661
1580,1546,34,1,0.978481012658
1609,1561,48,1,0.970167806091
835,13,822,2,0.984431137725
881,21,860,2,0.976163450624
1864,1390,474,2,0.254291845494
1639,1580,59,1,0.964002440513
1346,569,777,2,0.577265973254
1610,1607,3,1,0.998136645963
953,101,852,2,0.894018887723
1776,1589,187,1,0.894707207207
1584,1468,116,1,0.926767676768
1711,1632,79,2,0.0461718293396
1759,1530,229,2,0.130187606595
1691,1526,165,1,0.902424600828
1545,1509,36,1,0.976699029126
1629,1625,4,1,0.997544505832
1624,1536,88,1,0.945812807882
1601,1584,17,1,0.989381636477
1557,1557,0,1,1.0
1648,1423,225,2,0.136529126214
831,17,814,2,0.979542719615
1582,1552,30,1,0.981036662453
1283,760,523,2,0.407638347623
1592,1531,61,1,0.961683417085
915,0,915,2,1.0
1034,289,745,2,0.720502901354
1837,1607,230,1,0.87479586282
750,63,687,2,0.916
1654,1571,83,1,0.949818621524
1547,1495,52,1,0.966386554622
1645,1462,183,2,0.111246200608
1627,1588,39,1,0.976029502151
1641,1563,78,1,0.952468007313
960,102,858,2,0.89375
1575,1555,20,1,0.987301587302
1611,1589,22,1,0.986343885785
1606,1592,14,1,0.991282689913
1610,1585,25,1,0.984472049689
1124,580,544,2,0.483985765125
1791,1571,220,2,0.122836404243
1582,1576,6,2,0.00379266750948
926,177,749,2,0.808855291577
1608,1556,52,2,0.0323383084577
739,0,739,2,1.0
926,45,881,2,0.951403887689
1704,1671,33,2,0.0193661971831
1641,1538,103,1,0.937233394272
812,33,779,2,0.959359605911
1699,1589,110,1,0.935256032961
1559,1504,55,1,0.964720974984
1575,1538,37,1,0.976507936508
1643,1543,100,1,0.939135727328
1706,1592,114,1,0.933177022274
905,120,785,2,0.867403314917
1779,1617,162,1,0.908937605396
1574,1565,9,1,0.994282083863
904,0,904,2,1.0
1555,1489,66,1,0.957556270096
1738,1619,119,2,0.0684695051784
1634,1472,162,1,0.900856793146
1664,1367,297,2,0.178485576923
1579,1047,532,2,0.336922102597
919,97,822,2,0.894450489663
884,75,809,2,0.915158371041
1635,1569,66,1,0.959633027523
820,1,819,2,0.998780487805
1606,1578,28,1,0.982565379826
948,2,946,2,0.997890295359
894,4,890,2,0.995525727069
1640,1600,40,1,0.975609756098
1678,1490,188,2,0.112038140644
1501,1487,14,1,0.990672884744
917,13,904,2,0.985823336968
1624,1592,32,1,0.980295566502
1599,1355,244,2,0.152595372108
1700,1538,162,1,0.904705882353
1559,1502,57,1,0.963438101347
1652,1606,46,2,0.0278450363196
1829,1666,163,2,0.0891197375615
926,4,922,2,0.995680345572
1549,1547,2,1,0.998708844416
1678,1598,80,1,0.952324195471
1665,1593,72,1,0.956756756757
748,0,748,2,1.0
1509,1509,0,1,1.0
1611,1561,50,1,0.968963376785
1531,1531,0,1,1.0
1727,1586,141,1,0.91835552982
1519,1484,35,1,0.976958525346
1586,1581,5,1,0.99684741488
1633,1498,135,2,0.0826699326393
995,188,807,2,0.811055276382
1869,1579,290,1,0.844836811129
918,191,727,2,0.791938997821
931,3,928,2,0.996777658432
1025,44,981,2,0.957073170732
934,7,927,2,0.992505353319
1742,1571,171,1,0.901836969001
863,40,823,2,0.953650057937
1654,1638,16,1,0.990326481258
1570,1544,26,1,0.983439490446
1611,1567,44,1,0.97268777157
1441,985,456,2,0.316446911867
864,88,776,2,0.898148148148
1586,1540,46,1,0.970996216898
1697,1538,159,1,0.906305244549
1605,1570,35,1,0.978193146417
824,1,823,2,0.998786407767
829,0,829,2,1.0
1694,1577,117,1,0.93093270366
1519,1483,36,1,0.976300197498
1617,1617,0,2,0.0
1188,484,704,2,0.592592592593
1591,1567,24,1,0.984915147706
1691,1591,100,1,0.940863394441
1593,1499,94,1,0.940991839297
1706,1697,9,2,0.0052754982415
1681,1581,100,2,0.059488399762
1585,1480,105,1,0.933753943218
877,0,877,2,1.0
1646,1575,71,1,0.956865127582
1665,1650,15,1,0.990990990991
1740,1585,155,1,0.91091954023
1585,1584,1,1,0.999369085174
1677,1618,59,1,0.964818127609
1582,1553,29,1,0.981668773704
1003,145,858,2,0.855433698903
1524,1518,6,1,0.996062992126
1661,1525,136,1,0.918121613486
1704,1588,116,1,0.931924882629
1627,1588,39,1,0.976029502151
1608,1555,53,1,0.967039800995
1460,1014,446,2,0.305479452055
799,0,799,2,1.0
870,0,870,2,1.0
865,2,863,2,0.997687861272
1620,1578,42,1,0.974074074074
1005,311,694,2,0.690547263682
1559,1540,19,1,0.987812700449
1670,1564,106,1,0.936526946108
989,27,962,2,0.972699696663
920,17,903,2,0.98152173913
1660,1656,4,1,0.997590361446
1549,1542,7,1,0.995480955455
1659,1542,117,1,0.929475587703
1648,1550,98,1,0.940533980583
1320,665,655,2,0.496212121212
1635,1506,129,2,0.0788990825688
1694,1609,85,2,0.0501770956316
1642,1620,22,1,0.986601705238
1601,1567,34,1,0.978763272954
1648,1582,66,1,0.959951456311
1887,1545,342,2,0.181240063593
1652,1603,49,1,0.970338983051
1555,1525,30,1,0.980707395498
1637,1623,14,1,0.991447770312
829,4,825,2,0.99517490953
1763,1577,186,1,0.894498014748
1530,1506,24,1,0.98431372549
1723,1723,0,2,0.0
1587,1529,58,1,0.963453056081
1597,1562,35,1,0.978083907326
802,0,802,2,1.0
943,114,829,2,0.879109225875
1523,1515,8,1,0.994747209455
1556,1556,0,1,1.0
1650,1518,132,2,0.08
844,3,841,2,0.99644549763
1689,1602,87,1,0.948490230906
1627,1598,29,1,0.982175783651
1796,1796,0,2,0.0
811,2,809,2,0.997533908755
1592,1529,63,1,0.960427135678
1582,1532,50,1,0.968394437421
863,15,848,2,0.982618771727
1663,1600,63,1,0.962116656645
1636,1541,95,1,0.941931540342
998,290,708,2,0.709418837675
1578,1525,53,1,0.966413181242
1644,1564,80,1,0.951338199513
949,0,949,2,1.0
1538,1528,10,1,0.993498049415
813,14,799,2,0.982779827798
952,29,923,2,0.969537815126
1536,1507,29,1,0.981119791667
884,11,873,2,0.987556561086
1674,1531,143,1,0.914575866189
1762,1762,0,2,0.0
1642,1380,262,2,0.159561510353
1591,1591,0,1,1.0
1002,151,851,2,0.849301397206
1656,1608,48,1,0.971014492754
1543,1519,24,1,0.98444588464
1590,1575,15,1,0.990566037736
835,0,835,2,1.0
891,29,862,2,0.967452300786
1786,1579,207,2,0.115901455767
868,11,857,2,0.98732718894
1421,797,624,2,0.439127375088
1710,1557,153,1,0.910526315789
799,0,799,2,1.0
1590,1128,462,2,0.290566037736
1593,1557,36,1,0.977401129944
1654,1553,101,2,0.0610640870617
1674,1645,29,1,0.982676224612
1679,1630,49,2,0.0291840381179
1416,892,524,2,0.370056497175
1668,1641,27,2,0.0161870503597
1627,1592,35,1,0.978488014751
1583,1557,26,2,0.0164245104232
850,10,840,2,0.988235294118
1594,1582,12,1,0.992471769134
1693,1585,108,1,0.936207914944
1640,1615,25,1,0.984756097561
873,0,873,2,1.0
849,0,849,2,1.0
1076,227,849,2,0.789033457249
905,49,856,2,0.945856353591
1544,974,570,2,0.369170984456
1551,1540,11,1,0.992907801418
1716,1594,122,1,0.928904428904
1619,1549,70,1,0.956763434219
1611,1542,69,1,0.957169459963
791,0,791,2,1.0
1231,420,811,2,0.65881397238
1549,1549,0,1,1.0
1645,1495,150,1,0.908814589666
1606,1570,36,1,0.977584059776
1762,1659,103,1,0.941543700341
1585,1562,23,1,0.985488958991
1826,1666,160,1,0.912376779847
858,47,811,2,0.945221445221
881,0,881,2,1.0
1675,1584,91,1,0.945671641791
1759,1535,224,2,0.127345082433
850,0,850,2,1.0
1710,1710,0,2,0.0
1600,1515,85,1,0.946875
956,200,756,2,0.790794979079
1742,1635,107,1,0.938576349024
1509,1509,0,1,1.0
1547,1547,0,1,1.0
1805,1629,176,2,0.0975069252078
890,123,767,2,0.861797752809
1579,1531,48,1,0.9696010133
944,26,918,2,0.972457627119
1630,1574,56,2,0.0343558282209
1622,1495,127,1,0.921701602959
1625,1562,63,1,0.961230769231
1704,1673,31,1,0.981807511737
1508,1504,4,1,0.997347480106
1678,1607,71,1,0.95768772348
1646,1611,35,1,0.978736330498
1778,1574,204,2,0.114735658043
1010,241,769,2,0.761386138614
1134,460,674,2,0.594356261023
1024,326,698,2,0.681640625
1776,1595,181,1,0.898085585586
1564,1269,295,2,0.188618925831
887,43,844,2,0.951521984216
1631,1616,15,1,0.990803188228
1642,1629,13,1,0.992082825822
1749,1742,7,2,0.00400228702115
1534,1502,32,1,0.979139504563
1540,1540,0,1,1.0
1722,1618,104,1,0.939605110337
1693,1589,104,1,0.938570584761
1607,1600,7,1,0.99564405725
940,3,937,2,0.996808510638
1644,1623,21,2,0.0127737226277
1646,1509,137,2,0.0832320777643
1241,487,754,2,0.607574536664
1549,850,699,2,0.451258876695
911,0,911,2,1.0
877,28,849,2,0.968072976055
1563,1540,23,2,0.0147152911068
1079,451,628,2,0.582020389249
973,256,717,2,0.736896197328
1613,1575,38,1,0.976441413515
1622,1566,56,1,0.965474722565
1741,1630,111,2,0.0637564618036
857,15,842,2,0.982497082847
1540,1537,3,1,0.998051948052
908,75,833,2,0.917400881057
1529,1082,447,2,0.29234793983
883,13,870,2,0.985277463194
1644,1496,148,1,0.9099756691
1339,697,642,2,0.479462285288
781,0,781,2,1.0
979,227,752,2,0.768130745659
1701,1553,148,1,0.912992357437
1618,1587,31,1,0.980840543881
1591,728,863,2,0.542426147077
855,3,852,2,0.99649122807
1640,1572,68,1,0.958536585366
1600,1555,45,1,0.971875
1447,979,468,2,0.323427781617
1581,1552,29,1,0.981657179001
1669,1561,108,1,0.93529059317
1431,548,883,2,0.617051013277
1652,1582,70,1,0.957627118644
1705,1589,116,1,0.931964809384
833,32,801,2,0.961584633854
1770,1572,198,1,0.88813559322
1669,1609,60,1,0.964050329539
1619,1537,82,1,0.949351451513
823,2,821,2,0.997569866343
931,0,931,2,1.0
1574,1531,43,1,0.972681067344
1628,1628,0,1,1.0
1587,1569,18,1,0.988657844991
1634,1572,62,2,0.0379436964504
853,37,816,2,0.956623681125
921,50,871,2,0.945711183496
1738,1615,123,1,0.929228998849
1542,1536,6,2,0.00389105058366
1577,1566,11,1,0.993024730501
1615,1561,54,1,0.966563467492
1837,1378,459,2,0.249863908547
1766,1617,149,1,0.915628539071
1618,1159,459,2,0.283683559951
1627,1587,40,2,0.0245851259988
1778,1589,189,1,0.893700787402
931,6,925,2,0.993555316864
865,1,864,2,0.998843930636
868,50,818,2,0.942396313364
1756,1560,196,1,0.888382687927
1571,1559,12,1,0.992361553151
1734,1604,130,1,0.925028835063
1703,1589,114,1,0.933059307105
814,4,810,2,0.995085995086
1620,1620,0,1,1.0
916,40,876,2,0.956331877729
1624,1552,72,1,0.955665024631
1581,1481,100,1,0.936748893106
1572,1565,7,1,0.995547073791
1786,1650,136,1,0.923852183651
943,21,922,2,0.977730646872
954,122,832,2,0.872117400419
1618,1606,12,1,0.992583436341
1582,1532,50,1,0.968394437421
1585,1530,55,1,0.965299684543
1713,1659,54,1,0.968476357268
1672,1543,129,2,0.0771531100478
1648,1601,47,1,0.971480582524
1630,1576,54,1,0.966871165644
1665,1544,121,1,0.927327327327
1653,1565,88,1,0.946763460375
980,210,770,2,0.785714285714
1729,1554,175,1,0.898785425101
741,0,741,2,1.0
1588,1494,94,1,0.94080604534
1595,1578,17,1,0.98934169279
1591,1560,31,1,0.98051539912
816,0,816,2,1.0
817,1,816,2,0.998776009792
1684,1624,60,1,0.964370546318
1644,1579,65,1,0.960462287105
1571,1496,75,1,0.952259707193
1059,176,883,2,0.833805476865
793,3,790,2,0.996216897856
877,12,865,2,0.986316989738
1797,1605,192,1,0.893155258765
1530,1477,53,1,0.965359477124
861,0,861,2,1.0
1653,1584,69,1,0.958257713249
805,1,804,2,0.998757763975
1516,1511,5,1,0.996701846966
1618,1570,48,1,0.970333745365
1701,1389,312,2,0.183421516755
1621,1608,13,1,0.991980259099
1618,1510,108,1,0.93325092707
1595,1535,60,1,0.962382445141
1607,1552,55,1,0.965774735532
953,41,912,2,0.956977964323
1171,429,742,2,0.63364645602
1710,1631,79,1,0.953801169591
1852,1620,232,1,0.874730021598
937,43,894,2,0.954108858058
1534,1531,3,1,0.998044328553
1436,821,615,2,0.428272980501
1703,1636,67,1,0.960657662948
1677,1623,54,2,0.0322003577818
893,4,889,2,0.995520716685
1258,649,609,2,0.484101748808
1742,1615,127,1,0.927095292767
859,0,859,2,1.0
1614,1507,107,1,0.933705080545
1585,1549,36,1,0.977287066246
1626,1616,10,1,0.993849938499
1572,1564,8,1,0.994910941476
1593,1497,96,1,0.939736346516
793,16,777,2,0.979823455233
1380,900,480,2,0.347826086957
790,6,784,2,0.992405063291
1550,1497,53,1,0.965806451613
1677,1566,111,1,0.933810375671
1691,1673,18,2,0.0106445890006
1599,1568,31,1,0.980612883052
1543,1543,0,1,1.0
892,63,829,2,0.929372197309
927,38,889,2,0.959007551241
905,91,814,2,0.899447513812
1358,559,799,2,0.588365243004
957,86,871,2,0.91013584117
1323,624,699,2,0.528344671202
799,0,799,2,1.0
1802,1555,247,1,0.862930077691
1736,1642,94,1,0.945852534562
1796,1623,173,1,0.903674832962
909,1,908,2,0.998899889989
1352,1080,272,2,0.201183431953
793,2,791,2,0.997477931904
1675,1610,65,1,0.961194029851
1602,1602,0,1,1.0
762,0,762,2,1.0
1834,1619,215,1,0.882769901854
898,0,898,2,1.0
1633,1574,59,1,0.963870177587
1532,1525,7,1,0.995430809399
842,2,840,2,0.997624703088
893,54,839,2,0.939529675252
1187,367,820,2,0.690817186184
831,5,826,2,0.993983152828
1651,1533,118,1,0.928528164749
1640,1638,2,1,0.998780487805
1762,1588,174,1,0.901248581158
1682,1572,110,1,0.934601664685
780,0,780,2,1.0
1700,1537,163,1,0.904117647059
1576,1566,10,2,0.00634517766497
1688,1639,49,1,0.970971563981
1694,1625,69,1,0.959268004723
1648,1535,113,1,0.931432038835
1665,1577,88,1,0.947147147147
961,96,865,2,0.900104058273
806,0,806,2,1.0
791,2,789,2,0.997471554994
1684,1532,152,1,0.90973871734
1609,1548,61,1,0.962088253574
1300,925,375,2,0.288461538462
853,2,851,2,0.997655334115
873,49,824,2,0.943871706758
1125,431,694,2,0.616888888889
1777,1684,93,1,0.947664603264
1617,1539,78,2,0.0482374768089
1690,1626,64,1,0.962130177515
1512,1512,0,1,1.0
1615,1523,92,1,0.943034055728
1523,1517,6,1,0.996060407091
1625,1587,38,1,0.976615384615
1622,1553,69,1,0.957459926017
1587,1584,3,1,0.998109640832
1504,1483,21,1,0.986037234043
1572,1564,8,1,0.994910941476
1807,1496,311,2,0.172108467072
1688,1658,30,1,0.982227488152
1034,217,817,2,0.790135396518
1621,1501,120,1,0.925971622455
920,53,867,2,0.942391304348
1237,277,960,2,0.776071139854
1173,275,898,2,0.765558397272
1640,1582,58,1,0.964634146341
1570,1552,18,1,0.988535031847
1582,1560,22,1,0.986093552465
1588,1520,68,1,0.95717884131
1661,1497,164,1,0.901264298615
1603,1575,28,2,0.0174672489083
1654,1554,100,1,0.93954050786
797,1,796,2,0.998745294856
1737,1609,128,1,0.926309729419
1726,1581,145,2,0.0840092699884
1569,1535,34,1,0.97833014659
1580,1499,81,1,0.948734177215
1678,1130,548,2,0.326579261025
937,1,936,2,0.998932764141
1649,1557,92,1,0.94420861128
1567,1542,25,1,0.984045947671
1626,1597,29,1,0.982164821648
877,1,876,2,0.998859749145
1808,1617,191,1,0.89435840708
1656,1568,88,2,0.0531400966184
1776,1563,213,2,0.119932432432
860,4,856,2,0.995348837209
1111,473,638,2,0.574257425743
1765,1615,150,2,0.0849858356941
999,119,880,2,0.880880880881
1690,1286,404,2,0.239053254438
1599,1597,2,1,0.998749218261
1544,1544,0,1,1.0
1756,1647,109,2,0.0620728929385
881,2,879,2,0.99772985244
802,5,797,2,0.993765586035
1667,1569,98,1,0.941211757648
740,1,739,2,0.998648648649
1638,1545,93,1,0.943223443223
1678,1632,46,1,0.972586412396
1592,1581,11,2,0.00690954773869
1600,1558,42,1,0.97375
848,0,848,2,1.0
922,10,912,2,0.989154013015
1056,452,604,2,0.57196969697
1749,1145,604,2,0.345340194397
1634,1614,20,1,0.987760097919
1663,1495,168,1,0.898977751052
1255,449,806,2,0.642231075697
1678,1602,76,1,0.954707985697
793,3,790,2,0.996216897856
1728,1377,351,2,0.203125
1538,1535,3,1,0.998049414824
1633,1592,41,1,0.974892835273
873,3,870,2,0.996563573883
1033,250,783,2,0.757986447241
1582,1535,47,1,0.970290771176
972,6,966,2,0.993827160494
1668,1668,0,2,0.0
924,28,896,2,0.969696969697
1622,1594,28,1,0.982737361282
1607,1458,149,2,0.0927193528314
1566,1505,61,1,0.961047254151
1720,1713,7,2,0.00406976744186
922,87,835,2,0.905639913232
1639,1548,91,1,0.944478340451
1549,1549,0,1,1.0
1620,1583,37,1,0.977160493827
806,2,804,2,0.997518610422
826,3,823,2,0.996368038741
1601,1588,13,1,0.991880074953
859,0,859,2,1.0
988,211,777,2,0.786437246964
1769,1585,184,1,0.895986433013
933,17,916,2,0.98177920686
1609,1539,70,2,0.0435052827843
1634,1542,92,1,0.943696450428
928,53,875,2,0.942887931034
878,52,826,2,0.940774487472
1352,883,469,2,0.346893491124
1630,1606,24,1,0.98527607362
1620,1606,14,1,0.991358024691
1685,1552,133,1,0.921068249258
850,8,842,2,0.990588235294
1669,1543,126,1,0.924505692031
1743,1544,199,2,0.114170969593
872,151,721,2,0.826834862385
1747,1638,109,1,0.937607326846
1624,1580,44,1,0.972906403941
1590,1562,28,1,0.982389937107
1675,1611,64,2,0.0382089552239
825,23,802,2,0.972121212121
1658,1658,0,2,0.0
1592,1576,16,1,0.989949748744
931,40,891,2,0.957035445757
759,3,756,2,0.99604743083
1605,1571,34,1,0.978816199377
1638,1624,14,1,0.991452991453
1730,1571,159,1,0.908092485549
1604,1567,37,1,0.976932668329
1759,1645,114,1,0.935190449119
1623,1559,64,2,0.0394331484904
1793,1619,174,1,0.902955939766
1712,1584,128,1,0.92523364486
1601,1581,20,1,0.98750780762
864,11,853,2,0.987268518519
1670,1604,66,1,0.960479041916
1639,1582,57,1,0.965222696766
1565,1543,22,1,0.985942492013
1549,1521,28,1,0.981923821821
856,12,844,2,0.985981308411
1034,345,689,2,0.666344294004
1550,1539,11,1,0.992903225806
1596,1595,1,1,0.999373433584
1591,1548,43,2,0.027027027027
1527,1503,24,1,0.984282907662
1608,1502,106,2,0.06592039801
1687,1687,0,2,0.0
1136,567,569,2,0.50088028169
1755,1558,197,1,0.887749287749
1602,1569,33,1,0.979400749064
1759,1633,126,2,0.0716316088687
1644,1583,61,1,0.962895377129
1764,1522,242,1,0.862811791383
1645,1608,37,1,0.977507598784
1752,1593,159,1,0.909246575342
1597,1560,37,1,0.976831559173
1699,1594,105,1,0.938198940553
1571,1530,41,1,0.973901973265
1202,340,862,2,0.717138103161
871,3,868,2,0.996555683123
1602,1579,23,1,0.985642946317
902,165,737,2,0.817073170732
1588,1587,1,1,0.999370277078
1695,1542,153,1,0.909734513274
1607,1604,3,1,0.998133167393
887,41,846,2,0.953776775648
1631,1597,34,1,0.979153893317
947,68,879,2,0.928194297782
1456,1004,452,2,0.31043956044
911,0,911,2,1.0
1531,1530,1,1,0.999346832136
1612,1143,469,2,0.29094292804
1697,1548,149,2,0.0878020035357
1598,1523,75,1,0.953066332916
904,5,899,2,0.994469026549
1517,1494,23,1,0.984838497034
1600,1600,0,1,1.0
1650,1588,62,1,0.962424242424
1622,1555,67,1,0.95869297164
846,2,844,2,0.997635933806
853,44,809,2,0.948417350528
1590,1508,82,1,0.948427672956
778,31,747,2,0.960154241645
993,17,976,2,0.982880161128
1893,1537,356,2,0.188061278394
1648,1601,47,2,0.0285194174757
854,18,836,2,0.978922716628
1621,1555,66,1,0.95928439235
920,138,782,2,0.85
1743,1649,94,1,0.946069994263
1769,1558,211,2,0.11927642736
1682,1605,77,1,0.954221165279
1738,1573,165,2,0.0949367088608
1784,1606,178,1,0.900224215247
987,190,797,2,0.807497467072
1732,1712,20,2,0.0115473441109
942,28,914,2,0.970276008493
1613,1568,45,1,0.9721016739
1760,1540,220,2,0.125
1608,1554,54,1,0.966417910448
850,1,849,2,0.998823529412
777,27,750,2,0.965250965251
1557,1557,0,1,1.0
1713,1652,61,1,0.964389959136
1865,1497,368,2,0.197319034853
1538,1538,0,1,1.0
1482,1482,0,1,1.0
920,30,890,2,0.967391304348
1616,1572,44,1,0.972772277228
1719,1577,142,1,0.917393833624
1639,1614,25,1,0.984746796827
1475,1475,0,1,1.0
1633,1620,13,1,0.992039191672
1627,1347,280,2,0.172095881991
1567,1546,21,1,0.986598596043
1850,1586,264,1,0.857297297297
1622,1577,45,1,0.97225647349
1714,1688,26,1,0.984830805134
1728,1627,101,1,0.941550925926
959,22,937,2,0.977059436913
1286,658,628,2,0.48833592535
871,33,838,2,0.962112514351
1647,1604,43,1,0.973891924712
1623,1537,86,1,0.947011706716
1590,1537,53,1,0.966666666667
1692,1598,94,2,0.0555555555556
1545,1427,118,1,0.923624595469
1654,1624,30,1,0.981862152358
932,0,932,2,1.0
1644,1101,543,2,0.330291970803
1753,1617,136,1,0.922418710782
1845,1526,319,2,0.172899728997
860,56,804,2,0.93488372093
877,1,876,2,0.998859749145
1805,1575,230,1,0.872576177285
1639,1519,120,1,0.926784624771
870,9,861,2,0.989655172414
927,12,915,2,0.987055016181
835,2,833,2,0.997604790419
1565,1552,13,1,0.991693290735
1574,1549,25,1,0.984116899619
1625,1578,47,2,0.0289230769231
1679,1570,109,1,0.935080405003
1573,1495,78,2,0.0495867768595
1734,1547,187,1,0.892156862745
821,0,821,2,1.0
1609,1557,52,1,0.967681789932
1467,1464,3,1,0.997955010225
1263,414,849,2,0.672209026128
1673,1620,53,1,0.968320382546
764,0,764,2,1.0
1640,1569,71,1,0.956707317073
1602,1600,2,1,0.998751560549
866,1,865,2,0.998845265589
897,0,897,2,1.0
881,0,881,2,1.0
1794,1628,166,2,0.092530657748
1554,1554,0,1,1.0
1089,377,712,2,0.653810835629
744,0,744,2,1.0
1669,1577,92,1,0.944877171959
1566,1556,10,1,0.993614303959
1723,1723,0,2,0.0
1605,1557,48,1,0.970093457944
1815,1629,186,2,0.102479338843
1700,1612,88,1,0.948235294118
1607,1569,38,1,0.97635345364
1709,1682,27,2,0.0157987126975
1770,1491,279,2,0.157627118644
1577,1506,71,1,0.954977805961
1954,1644,310,2,0.158648925281
1666,1598,68,1,0.959183673469
1621,1534,87,1,0.94632942628
1689,1590,99,2,0.0586145648313
1624,1572,52,1,0.967980295567
1574,1517,57,1,0.963786531131
1575,1567,8,1,0.994920634921
807,1,806,2,0.998760842627
1581,1581,0,2,0.0
909,15,894,2,0.983498349835
902,1,901,2,0.99889135255
1620,1542,78,1,0.951851851852
1614,1614,0,1,1.0
942,2,940,2,0.997876857749
1665,1623,42,1,0.974774774775
1591,1545,46,1,0.971087366436
1652,1559,93,1,0.943704600484
1655,1561,94,1,0.943202416918
1324,730,594,2,0.448640483384
1505,1464,41,1,0.972757475083
1634,1550,84,1,0.948592411261
851,6,845,2,0.99294947121
818,101,717,2,0.876528117359
1678,1575,103,1,0.938617401669
1617,1521,96,1,0.940630797774
1633,1532,101,1,0.938150642988
896,51,845,2,0.943080357143
1564,1528,36,1,0.976982097187
1625,1590,35,1,0.978461538462
914,75,839,2,0.917943107221
848,42,806,2,0.950471698113
1592,1563,29,1,0.981783919598
812,14,798,2,0.98275862069
1621,1565,56,1,0.965453423812
1606,1586,20,1,0.987546699875
1623,1595,28,2,0.0172520024646
1691,1516,175,1,0.896510940272
844,0,844,2,1.0
1786,1615,171,2,0.0957446808511
1435,1435,0,1,1.0
799,123,676,2,0.846057571965
995,295,700,2,0.70351758794
1598,1509,89,1,0.944305381727
1684,1600,84,1,0.950118764846
1582,1515,67,1,0.957648546144
873,9,864,2,0.989690721649
862,0,862,2,1.0
1565,1540,25,1,0.984025559105
891,5,886,2,0.994388327722
852,27,825,2,0.968309859155
1461,1450,11,1,0.992470910335
1544,1529,15,1,0.990284974093
902,43,859,2,0.952328159645
1936,1602,334,1,0.827479338843
1635,1604,31,2,0.0189602446483
743,1,742,2,0.99865410498
1779,1779,0,2,0.0
1556,1134,422,2,0.271208226221
857,0,857,2,1.0
1148,421,727,2,0.633275261324
1609,1585,24,1,0.985083903045
1556,1498,58,1,0.962724935733
1682,1582,100,1,0.940546967895
1596,1554,42,1,0.973684210526
1640,1614,26,1,0.984146341463
1161,745,416,2,0.358311800172
1617,1528,89,1,0.944959802103
815,2,813,2,0.99754601227
1698,1692,6,2,0.00353356890459
1558,1504,54,1,0.965340179718
1609,1482,127,1,0.921068986948
1642,1635,7,1,0.995736906212
1589,1539,50,1,0.968533668974
1640,1601,39,1,0.976219512195
1023,27,996,2,0.973607038123
1580,1534,46,1,0.970886075949
1648,1562,86,1,0.947815533981
1635,1635,0,2,0.0
1591,1578,13,1,0.991829038341
1632,1507,125,1,0.923406862745
1626,1569,57,1,0.964944649446
1679,1577,102,1,0.939249553306
1710,1710,0,2,0.0
1572,1562,10,1,0.993638676845
1836,1680,156,2,0.0849673202614
1343,895,448,2,0.333581533879
1539,1523,16,1,0.989603638726
1521,1521,0,1,1.0
1841,1602,239,1,0.870179250407
1690,1686,4,2,0.00236686390533
1635,1079,556,2,0.34006116208
1609,1527,82,2,0.0509633312617
1661,1589,72,1,0.956652618904
1742,1622,120,1,0.931113662457
1668,1581,87,1,0.947841726619
900,8,892,2,0.991111111111
1623,1554,69,1,0.957486136784
1619,1594,25,1,0.984558369364
1622,1588,34,1,0.979038224414
947,228,719,2,0.759239704329
1685,1588,97,1,0.942433234421
1680,1513,167,1,0.900595238095
842,3,839,2,0.996437054632
817,19,798,2,0.976744186047
792,38,754,2,0.95202020202
1792,1574,218,2,0.121651785714
1739,1614,125,2,0.0718803910293
1396,1094,302,2,0.216332378223
980,94,886,2,0.904081632653
1654,1623,31,2,0.0187424425635
1536,1486,50,1,0.967447916667
869,1,868,2,0.998849252014
1128,319,809,2,0.71719858156
1591,1591,0,1,1.0
1553,1553,0,1,1.0
1640,1588,52,1,0.968292682927
774,0,774,2,1.0
1658,1598,60,1,0.963811821472
874,0,874,2,1.0
1695,1622,73,1,0.956932153392
1591,1571,20,1,0.987429289755
824,0,824,2,1.0
1596,1510,86,1,0.946115288221
1021,420,601,2,0.588638589618
1523,1454,69,1,0.95469468155
1783,1674,109,1,0.938867077958
787,1,786,2,0.99872935197
1717,1551,166,1,0.903319743739
1314,864,450,2,0.342465753425
1709,1503,206,2,0.120538326507
1571,1527,44,1,0.971992361553
1723,1261,462,2,0.2681369704
1822,1612,210,1,0.884742041712
1670,1609,61,1,0.963473053892
1873,1617,256,2,0.136679124399
1679,1679,0,2,0.0
1024,240,784,2,0.765625
874,0,874,2,1.0
1647,1614,33,2,0.0200364298725
1667,1549,118,1,0.929214157169
1527,1489,38,1,0.975114603798
1767,1571,196,1,0.889077532541
1734,1627,107,1,0.938292964245
1549,1493,56,1,0.963847643641
670,0,670,2,1.0
824,0,824,2,1.0
1754,1585,169,1,0.903648802737
810,3,807,2,0.996296296296
902,8,894,2,0.991130820399
733,3,730,2,0.995907230559
905,7,898,2,0.99226519337
1626,1578,48,1,0.970479704797
1583,1564,19,1,0.987997473152
1546,1521,25,1,0.98382923674
1618,1506,112,1,0.930778739184
1715,1647,68,1,0.960349854227
1635,1518,117,1,0.928440366972
1532,1525,7,1,0.995430809399
817,135,682,2,0.834761321909
1543,1531,12,1,0.99222294232
941,97,844,2,0.896918172157
928,30,898,2,0.967672413793
1651,1592,59,1,0.964264082374
1559,1534,25,1,0.983964079538
897,2,895,2,0.997770345596
1643,1643,0,2,0.0
1654,1645,9,1,0.994558645707
1518,1481,37,1,0.975625823452
1721,1571,150,1,0.912841371296
1602,1528,74,2,0.0461922596754
828,2,826,2,0.997584541063
1669,1627,42,1,0.974835230677
1790,1592,198,1,0.88938547486
1591,1555,36,1,0.977372721559
952,1,951,2,0.998949579832
1051,238,813,2,0.773549000951
1616,1565,51,1,0.968440594059
1811,1515,296,2,0.16344561016
865,0,865,2,1.0
845,0,845,2,1.0
1560,1540,20,1,0.987179487179
1705,1586,119,1,0.930205278592
1639,1567,72,1,0.956070774863
1695,1588,107,1,0.936873156342
954,34,920,2,0.964360587002
1548,1534,14,1,0.990956072351
1560,1517,43,1,0.972435897436
1694,1634,60,2,0.0354191263282
1771,1771,0,2,0.0
922,132,790,2,0.8568329718
1693,1650,43,2,0.0253987005316
803,1,802,2,0.998754669988
1655,1570,85,1,0.948640483384
1635,1600,35,1,0.978593272171
966,147,819,2,0.847826086957
1695,1554,141,1,0.916814159292
1664,1623,41,2,0.0246394230769
1395,1124,271,2,0.194265232975
1310,469,841,2,0.641984732824
1628,1578,50,1,0.969287469287
872,25,847,2,0.971330275229
1524,1523,1,1,0.999343832021
1579,1538,41,1,0.97403419886
1963,1590,373,2,0.190015282731
1565,1529,36,2,0.0230031948882
1697,1569,128,1,0.924572775486
1061,384,677,2,0.63807728558
1645,1604,41,1,0.975075987842
1646,1646,0,1,1.0
1738,1563,175,2,0.100690448792
842,10,832,2,0.988123515439
1736,1567,169,1,0.902649769585
870,0,870,2,1.0
1674,1527,147,2,0.0878136200717
1493,1493,0,1,1.0
1660,1582,78,1,0.953012048193
1623,1589,34,1,0.979051139864
838,0,838,2,1.0
1613,1613,0,1,1.0
1612,1529,83,1,0.948511166253
834,1,833,2,0.998800959233
1745,1537,208,1,0.880802292264
814,72,742,2,0.911547911548
1500,1500,0,1,1.0
1655,1571,84,1,0.949244712991
816,0,816,2,1.0
1719,1504,215,1,0.874927283304
1645,1645,0,1,1.0
1655,1548,107,2,0.0646525679758
1600,1154,446,2,0.27875
780,0,780,2,1.0
1464,1452,12,2,0.00819672131148
894,0,894,2,1.0
1758,1573,185,1,0.894766780432
1583,1524,59,1,0.962728995578
1524,1497,27,1,0.982283464567
1696,1602,94,1,0.944575471698
1709,1122,587,2,0.343475716793
809,36,773,2,0.955500618047
1626,1608,18,1,0.988929889299
1661,1585,76,1,0.954244431066
1684,1591,93,1,0.944774346793
1587,1585,2,2,0.00126023944549
836,2,834,2,0.997607655502
1733,1609,124,1,0.928447778419
1613,1607,6,1,0.996280223187
1064,340,724,2,0.68045112782
1811,1811,0,2,0.0
1538,1501,37,1,0.975942782835
892,0,892,2,1.0
1632,1619,13,1,0.992034313725
1637,1603,34,1,0.979230299328
1641,1633,8,2,0.00487507617307
1669,1415,254,2,0.152186938286
1752,1598,154,2,0.087899543379
1675,1569,106,1,0.93671641791
1759,1535,224,2,0.127345082433
883,38,845,2,0.956964892412
1677,1609,68,1,0.959451401312
1591,1584,7,1,0.995600251414
910,14,896,2,0.984615384615
1732,1582,150,2,0.0866050808314
1618,1416,202,2,0.124845488257
1625,1585,40,2,0.0246153846154
1437,919,518,2,0.360473208072
917,61,856,2,0.933478735005
1540,1540,0,1,1.0
1657,1609,48,2,0.028968014484
1612,1578,34,1,0.978908188586
831,104,727,2,0.874849578821
1661,1596,65,1,0.960866947622
1030,166,864,2,0.838834951456
1849,1545,304,1,0.835586803678
1578,1518,60,1,0.961977186312
794,0,794,2,1.0
888,73,815,2,0.917792792793
1771,1573,198,1,0.888198757764
854,6,848,2,0.992974238876
1770,1610,160,1,0.909604519774
1569,1564,5,1,0.996813256851
875,32,843,2,0.963428571429
1809,1575,234,2,0.129353233831
1844,1596,248,1,0.865509761388
1529,1517,12,1,0.992151733159
1258,556,702,2,0.558028616852
1655,1517,138,2,0.0833836858006
1670,1632,38,2,0.022754491018
884,9,875,2,0.989819004525
764,2,762,2,0.997382198953
1567,1513,54,1,0.965539246969
1612,1603,9,1,0.994416873449
1859,1612,247,1,0.867132867133
1642,1538,104,1,0.936662606577
1700,1059,641,2,0.377058823529
1604,1541,63,1,0.96072319202
1559,1513,46,1,0.97049390635
1668,1586,82,1,0.950839328537
1725,1523,202,2,0.117101449275
1533,1533,0,1,1.0
1621,1538,83,1,0.948797038865
1730,1415,315,2,0.182080924855
1240,495,745,2,0.600806451613
873,19,854,2,0.978235967927
1771,1594,177,1,0.900056465274
906,51,855,2,0.943708609272
1616,1563,53,1,0.967202970297
1633,1544,89,1,0.945499081445
815,1,814,2,0.998773006135
1544,1536,8,1,0.99481865285
767,17,750,2,0.977835723598
917,134,783,2,0.85387131952
1063,521,542,2,0.50987770461
1648,1609,39,2,0.0236650485437
911,0,911,2,1.0
1616,1138,478,2,0.295792079208
1669,1596,73,1,0.956261234272
934,3,931,2,0.996788008565
857,34,823,2,0.96032672112
1013,273,740,2,0.730503455084
1672,1662,10,1,0.994019138756
1591,1550,41,1,0.974230043997
1580,1550,30,1,0.981012658228
1677,1672,5,1,0.997018485391
1648,1602,46,2,0.0279126213592
1566,1519,47,1,0.969987228608
1579,1555,24,1,0.98480050665
1757,1615,142,1,0.919180421172
1611,1542,69,1,0.957169459963
1780,1441,339,2,0.190449438202
1158,405,753,2,0.650259067358
1546,1546,0,1,1.0
1784,1543,241,1,0.864910313901
1507,1037,470,2,0.311877903119
1698,1562,136,1,0.919905771496
1774,1604,170,2,0.0958286358512
1616,1556,60,1,0.962871287129
1681,1501,180,1,0.892920880428
1714,1714,0,2,0.0
1568,1506,62,1,0.960459183673
1749,1688,61,1,0.965122927387
839,0,839,2,1.0
1080,212,868,2,0.803703703704
828,33,795,2,0.960144927536
1526,1521,5,1,0.996723460026
1685,1667,18,1,0.989317507418
1668,1552,116,1,0.930455635492
1740,1561,179,1,0.897126436782
1606,1517,89,1,0.944582814446
849,0,849,2,1.0
1553,1507,46,1,0.970379909852
1653,1579,74,1,0.955232909861
888,16,872,2,0.981981981982
1691,1586,105,1,0.937906564163
789,23,766,2,0.970849176172
924,86,838,2,0.906926406926
1695,1559,136,1,0.919764011799
1746,1423,323,2,0.184994272623
1521,1521,0,1,1.0
1628,1583,45,2,0.0276412776413
930,11,919,2,0.988172043011
1618,1565,53,1,0.967243510507
825,1,824,2,0.998787878788
1769,1554,215,1,0.87846240814
1685,1572,113,2,0.0670623145401
1787,1306,481,2,0.269166200336
1613,1601,12,1,0.992560446373
1726,1621,105,1,0.939165701043
1859,1593,266,1,0.856912318451
1924,1633,291,1,0.848752598753
1677,1584,93,1,0.944543828265
837,3,834,2,0.996415770609
1791,1598,193,1,0.892238972641
1626,1523,103,1,0.936654366544
1607,1510,97,2,0.0603609209708
849,18,831,2,0.978798586572
1630,1630,0,1,1.0
1515,1515,0,1,1.0
1565,1548,17,2,0.0108626198083
1024,362,662,2,0.646484375
1690,1458,232,2,0.137278106509
1773,1577,196,1,0.889452904681
1740,1577,163,1,0.90632183908
1644,1551,93,1,0.943430656934
816,44,772,2,0.946078431373
1518,1004,514,2,0.33860342556
769,20,749,2,0.973992197659
764,0,764,2,1.0
873,58,815,2,0.933562428408
1744,1591,153,2,0.0877293577982
1606,1571,35,1,0.978206724782
1601,1553,48,1,0.970018738289
1695,1557,138,1,0.918584070796
1603,1522,81,1,0.94946974423
1056,330,726,2,0.6875
1583,1569,14,2,0.00884396715098
894,1,893,2,0.998881431767
1635,1577,58,1,0.964525993884
1763,1619,144,1,0.918321043676
1620,1620,0,2,0.0
1780,1615,165,1,0.907303370787
909,5,904,2,0.994499449945
1603,1583,20,2,0.0124766063631
842,228,614,2,0.729216152019
1015,167,848,2,0.835467980296
1891,1596,295,2,0.156002115283
1539,1539,0,1,1.0
1731,1624,107,1,0.938186019642
1673,1633,40,1,0.976090854752
935,0,935,2,1.0
835,1,834,2,0.99880239521
842,2,840,2,0.997624703088
806,3,803,2,0.996277915633
1097,255,842,2,0.767547857794
1680,1628,52,2,0.0309523809524
1786,1570,216,1,0.879059350504
1567,1567,0,2,0.0
1611,1523,88,1,0.945375543141
931,150,781,2,0.83888292159
895,19,876,2,0.978770949721
1566,1512,54,1,0.965517241379
1760,1584,176,1,0.9
960,264,696,2,0.725
1021,92,929,2,0.909892262488
1608,1534,74,2,0.0460199004975
1506,1499,7,1,0.995351925631
1592,1550,42,1,0.973618090452
1749,1580,169,1,0.903373356204
1844,1553,291,2,0.157809110629
1710,1621,89,1,0.947953216374
1556,1505,51,1,0.967223650386
1650,1587,63,1,0.961818181818
882,1,881,2,0.998866213152
1356,652,704,2,0.519174041298
1743,1628,115,1,0.934021801492
1604,1547,57,1,0.964463840399
1764,1736,28,2,0.015873015873
1527,1508,19,1,0.987557301899
1704,1607,97,1,0.943075117371
1579,1549,30,1,0.981000633312
1584,1546,38,1,0.97601010101
1605,1603,2,1,0.998753894081
771,1,770,2,0.998702983139
846,4,842,2,0.995271867612
945,27,918,2,0.971428571429
758,21,737,2,0.972295514512
1666,1635,31,1,0.981392557023
1702,1657,45,1,0.973560517039
1663,1181,482,2,0.289837642814
1519,1484,35,2,0.0230414746544
1625,1617,8,1,0.995076923077
899,0,899,2,1.0
1573,1572,1,1,0.999364272092
1651,1587,64,1,0.961235614779
883,21,862,2,0.976217440544
1803,1545,258,2,0.14309484193
1105,467,638,2,0.577375565611
1763,1608,155,1,0.912081678956
1529,1103,426,2,0.278613472858
1528,1525,3,1,0.998036649215
1609,1573,36,1,0.977625854568
1548,1548,0,1,1.0
805,0,805,2,1.0
901,27,874,2,0.970033296337
1757,1645,112,1,0.93625498008
1678,1627,51,1,0.969606674613
1713,1633,80,1,0.953298307064
902,1,901,2,0.99889135255
1756,1664,92,2,0.0523917995444
1588,1273,315,2,0.198362720403
930,68,862,2,0.92688172043
1683,1597,86,1,0.94890077243
1790,1660,130,2,0.072625698324
920,2,918,2,0.997826086957
928,0,928,2,1.0
1228,715,513,2,0.417752442997
1545,1523,22,1,0.985760517799
1676,1578,98,1,0.941527446301
1825,1639,186,1,0.898082191781
1699,1624,75,1,0.955856386109
1827,1657,170,1,0.906951286262
1612,1593,19,1,0.988213399504
1721,1565,156,2,0.0906449738524
1666,1621,45,1,0.972989195678
1726,1587,139,1,0.919466975666
918,40,878,2,0.956427015251
827,17,810,2,0.979443772672
1794,1259,535,2,0.298216276477
1669,1648,21,1,0.987417615339
1564,1520,44,1,0.971867007673
1687,1662,25,2,0.0148192056906
1286,710,576,2,0.447900466563
1788,1621,167,2,0.0934004474273
1650,1566,84,1,0.949090909091
871,8,863,2,0.990815154994
1572,1437,135,2,0.0858778625954
1600,1569,31,1,0.980625
1633,1630,3,1,0.998162890386
1614,1518,96,1,0.940520446097
987,52,935,2,0.947315096251
1650,1549,101,2,0.0612121212121
1534,1533,1,1,0.999348109518
1807,1412,395,2,0.218594355285
1566,1552,14,1,0.991060025543
1839,1634,205,2,0.111473626971
898,3,895,2,0.996659242762
1608,1564,44,2,0.0273631840796
1674,1558,116,1,0.930704898447
1740,1656,84,1,0.951724137931
1531,1531,0,1,1.0
868,10,858,2,0.988479262673
1662,1583,79,1,0.952466907341
787,9,778,2,0.988564167726
1470,1153,317,2,0.215646258503
1687,1687,0,2,0.0
1688,1590,98,1,0.941943127962
805,0,805,2,1.0
1703,1571,132,1,0.922489724016
1652,1543,109,1,0.93401937046
1751,1608,143,1,0.918332381496
1531,1529,2,1,0.998693664272
1619,1529,90,1,0.94441012971
881,0,881,2,1.0
1639,1540,99,1,0.939597315436
1641,1601,40,1,0.975624619135
1736,1587,149,1,0.914170506912
1779,1631,148,1,0.916807195053
1681,1681,0,2,0.0
922,29,893,2,0.968546637744
1587,1586,1,1,0.999369880277
1624,1546,78,1,0.95197044335
947,1,946,2,0.998944033791
885,0,885,2,1.0
1705,1601,104,2,0.0609970674487
833,65,768,2,0.921968787515
1038,124,914,2,0.880539499037
1547,1546,1,1,0.999353587589
1578,1544,34,1,0.97845373891
1719,1556,163,1,0.905177428738
1668,1610,58,1,0.965227817746
1648,1553,95,1,0.942354368932
1588,1499,89,1,0.94395465995
933,108,825,2,0.88424437299
975,65,910,2,0.933333333333
1578,1510,68,2,0.04309252218
1630,1562,68,1,0.958282208589
1673,1599,74,2,0.0442319187089
1593,1554,39,1,0.975517890772
977,317,660,2,0.675537359263
902,13,889,2,0.985587583149
1708,1558,150,2,0.0878220140515
1641,1641,0,1,1.0
1858,1628,230,1,0.876210979548
1752,1537,215,2,0.122716894977
1066,377,689,2,0.646341463415
1576,1576,0,1,1.0
1611,1529,82,1,0.949099937927
825,0,825,2,1.0
807,1,806,2,0.998760842627
1231,766,465,2,0.377741673436
1546,1526,20,1,0.987063389392
1678,1551,127,1,0.92431466031
1757,1657,100,2,0.0569151963574
1683,1588,95,2,0.0564468211527
1613,1484,129,1,0.920024798512
814,19,795,2,0.976658476658
1639,1536,103,2,0.0628431970714
843,4,839,2,0.995255041518
1667,1498,169,2,0.101379724055
1590,1518,72,1,0.954716981132
1435,887,548,2,0.381881533101
1664,1556,108,1,0.935096153846
1636,1608,28,1,0.982885085575
939,216,723,2,0.769968051118
813,1,812,2,0.9987699877
1764,1764,0,2,0.0
1656,1617,39,1,0.976449275362
931,160,771,2,0.828141783029
1763,1760,3,2,0.00170164492343
1701,1612,89,1,0.947677836567
1597,1589,8,1,0.994990607389
1696,1600,96,1,0.943396226415
772,0,772,2,1.0
1615,1585,30,1,0.981424148607
1725,1570,155,1,0.910144927536
1584,1551,33,1,0.979166666667
1714,1604,110,1,0.935822637106
1679,1653,26,2,0.0154854079809
934,178,756,2,0.809421841542
909,65,844,2,0.928492849285
1370,1018,352,2,0.256934306569
872,17,855,2,0.980504587156
1811,1587,224,1,0.876311430149
1600,1558,42,1,0.97375
1628,1590,38,1,0.976658476658
1674,1565,109,1,0.934886499403
1629,1573,56,1,0.965623081645
1694,1549,145,1,0.91440377804
829,5,824,2,0.993968636912
1601,1531,70,1,0.956277326671
886,1,885,2,0.998871331828
1583,1539,44,1,0.972204674668
1627,1583,44,1,0.972956361401
1626,1537,89,2,0.0547355473555
1540,1522,18,2,0.0116883116883
1654,1633,21,2,0.0126964933495
1605,1554,51,1,0.968224299065
1719,1632,87,1,0.949389179756
1680,1581,99,1,0.941071428571
1803,1631,172,1,0.904603438713
1823,1823,0,2,0.0
1527,1498,29,1,0.981008513425
1639,1609,30,1,0.981696156193
1555,1539,16,1,0.989710610932
900,76,824,2,0.915555555556
1730,1619,111,1,0.935838150289
1017,86,931,2,0.915437561455
1229,739,490,2,0.39869812856
1684,1586,98,1,0.941805225653
1606,1561,45,1,0.97198007472
834,57,777,2,0.931654676259
1721,1588,133,1,0.922719349216
1664,1575,89,1,0.946514423077
1587,1464,123,1,0.922495274102
911,11,900,2,0.987925356751
1556,1522,34,1,0.978149100257
1664,1584,80,2,0.0480769230769
1575,1575,0,1,1.0
1665,1598,67,1,0.95975975976
1585,1521,64,1,0.959621451104
1598,1561,37,1,0.976846057572
1613,1513,100,2,0.0619962802232
1662,1662,0,2,0.0
1568,1537,31,1,0.980229591837
1072,371,701,2,0.653917910448
1691,1675,16,2,0.00946185688941
1592,1550,42,1,0.973618090452
1679,1547,132,1,0.921381774866
1681,1549,132,1,0.921475312314
1705,1605,100,1,0.941348973607
1780,1380,400,2,0.224719101124
1767,1629,138,1,0.921901528014
764,14,750,2,0.98167539267
1597,1526,71,1,0.955541640576
1690,1537,153,1,0.909467455621
1692,1597,95,1,0.943853427896
1535,1534,1,1,0.999348534202
1657,1575,82,1,0.950512975256
1678,1620,58,1,0.965435041716
1540,1505,35,2,0.0227272727273
1589,1589,0,1,1.0
928,0,928,2,1.0
1614,1540,74,2,0.0458488228005
1751,1619,132,1,0.924614505997
1576,1555,21,1,0.986675126904
1621,1549,72,1,0.955582973473
1511,1488,23,1,0.984778292522
1674,1566,108,2,0.0645161290323
1693,1601,92,1,0.945658594211
1715,1654,61,1,0.96443148688
1683,1613,70,2,0.0415923945336
1876,1618,258,1,0.862473347548
1554,1554,0,2,0.0
1520,1518,2,1,0.998684210526
1609,1559,50,1,0.968924798011
1589,1583,6,2,0.0037759597231
1608,1554,54,1,0.966417910448
1038,319,719,2,0.69267822736
1618,1257,361,2,0.223114956737
1679,1628,51,1,0.969624776653
1512,1510,2,1,0.998677248677
796,1,795,2,0.998743718593
1476,987,489,2,0.331300813008
1659,1593,66,1,0.960216998192
1757,1589,168,1,0.90438247012
1534,1527,7,1,0.995436766623
1663,1593,70,1,0.957907396272
1676,1640,36,1,0.978520286396
850,1,849,2,0.998823529412
1865,1649,216,1,0.88418230563
806,10,796,2,0.987593052109
909,0,909,2,1.0
1633,1570,63,2,0.0385793018983
841,20,821,2,0.976218787158
954,210,744,2,0.779874213836
1599,1579,20,1,0.987492182614
1109,170,939,2,0.846708746619
807,2,805,2,0.997521685254
1605,1599,6,1,0.996261682243
925,281,644,2,0.696216216216
910,29,881,2,0.968131868132
822,47,775,2,0.942822384428
884,0,884,2,1.0
840,1,839,2,0.99880952381
1828,1576,252,2,0.137855579869
1056,218,838,2,0.793560606061
1641,1607,34,1,0.979280926264
1686,1580,106,1,0.937129300119
919,8,911,2,0.991294885745
1604,1546,58,1,0.963840399002
1663,1641,22,1,0.986770895971
1599,1591,8,1,0.994996873046
1518,1513,5,1,0.996706192358
1583,1536,47,2,0.0296904611497
1641,1503,138,1,0.915904936015
980,19,961,2,0.980612244898
902,31,871,2,0.965631929047
1674,1598,76,1,0.954599761051
1725,1635,90,1,0.947826086957
896,27,869,2,0.969866071429
1474,1029,445,2,0.301899592944
1529,1223,306,2,0.200130804447
1611,1527,84,1,0.947858472998
1634,1563,71,1,0.956548347613
1055,368,687,2,0.651184834123
1692,1585,107,1,0.936761229314
873,13,860,2,0.98510882016
1557,1547,10,1,0.993577392421
1634,1520,114,1,0.93023255814
1597,1590,7,1,0.995616781465
1707,1575,132,1,0.922671353251
1308,667,641,2,0.49006116208
1678,1492,186,1,0.88915375447
1545,1438,107,2,0.0692556634304
900,0,900,2,1.0
1608,1600,8,2,0.00497512437811
794,9,785,2,0.988664987406
1503,1503,0,1,1.0
1586,1551,35,1,0.977931904161
913,28,885,2,0.969331872946
1003,271,732,2,0.729810568295
1661,1513,148,1,0.91089704997
1704,1580,124,2,0.0727699530516
1753,1753,0,2,0.0
1698,1548,150,1,0.911660777385
1865,1626,239,2,0.128150134048
786,5,781,2,0.993638676845
1599,1531,68,1,0.957473420888
825,25,800,2,0.969696969697
1621,1494,127,1,0.921653300432
1669,1591,78,1,0.9532654284
824,33,791,2,0.959951456311
779,66,713,2,0.915275994865
838,8,830,2,0.990453460621
1573,1573,0,1,1.0
874,7,867,2,0.991990846682
1685,1624,61,2,0.0362017804154
1237,581,656,2,0.530315278901
1493,806,687,2,0.46014735432
781,2,779,2,0.997439180538
803,1,802,2,0.998754669988
1614,1546,68,1,0.957868649318
1571,1514,57,2,0.0362826225334
1604,1550,54,1,0.966334164589
1606,1590,16,1,0.9900373599
1798,1613,185,1,0.897107897664
1568,1532,36,1,0.977040816327
1812,1616,196,1,0.891832229581
842,96,746,2,0.885985748219
1644,1623,21,2,0.0127737226277
1607,1554,53,1,0.967019290604
1532,1479,53,2,0.0345953002611
1713,1637,76,1,0.95563339171
1602,1514,88,1,0.94506866417
1616,1538,78,1,0.951732673267
1960,1612,348,2,0.177551020408
1653,1549,104,1,0.937084089534
832,6,826,2,0.992788461538
1547,1547,0,1,1.0
831,6,825,2,0.992779783394
1694,1638,56,1,0.96694214876
1706,1600,106,1,0.937866354045
1572,1572,0,1,1.0
1692,1078,614,2,0.362884160757
867,47,820,2,0.945790080738
1540,1540,0,1,1.0
1527,1508,19,1,0.987557301899
1670,1581,89,1,0.946706586826
1579,1579,0,1,1.0
1650,1549,101,1,0.938787878788
1576,1515,61,2,0.0387055837563
1603,1178,425,2,0.265127885215
1720,1601,119,1,0.930813953488
970,12,958,2,0.987628865979
1365,893,472,2,0.345787545788
930,90,840,2,0.903225806452
1558,1544,14,1,0.991014120668
1695,1571,124,1,0.926843657817
1849,1633,216,1,0.88318009735
1321,499,822,2,0.622255866768
1611,1567,44,1,0.97268777157
1626,1607,19,2,0.0116851168512
1642,1618,24,1,0.985383678441
1631,1568,63,2,0.0386266094421
1694,1558,136,1,0.919716646989
923,42,881,2,0.954496208017
1820,1643,177,1,0.902747252747
1547,1509,38,1,0.975436328378
1605,1574,31,1,0.980685358255
842,51,791,2,0.939429928741
1613,1508,105,1,0.934903905766
1604,1542,62,1,0.961346633416
1641,1222,419,2,0.255332114564
1185,473,712,2,0.600843881857
1730,1572,158,1,0.908670520231
1033,129,904,2,0.875121006776
1688,1635,53,1,0.968601895735
857,1,856,2,0.998833138856
1703,1563,140,1,0.917792131533
1559,1558,1,1,0.999358563182
1667,1517,150,1,0.910017996401
1781,1548,233,2,0.130825379001
1838,1627,211,1,0.885201305767
1605,1572,33,1,0.979439252336
1679,1652,27,2,0.0160810005956
1691,1545,146,1,0.913660555884
1736,1559,177,1,0.898041474654
872,10,862,2,0.988532110092
1598,1546,52,1,0.967459324155
832,23,809,2,0.972355769231
1538,1531,7,2,0.00455136540962
1602,1540,62,1,0.961298377029
1592,1592,0,1,1.0
1595,1531,64,1,0.95987460815
1679,1617,62,2,0.0369267421084
1109,185,924,2,0.833183047791
1654,1643,11,2,0.00665054413543
801,59,742,2,0.926342072409
1686,1557,129,2,0.076512455516
1647,1568,79,1,0.952034001214
1637,1438,199,2,0.121563836286
1715,1651,64,1,0.962682215743
905,42,863,2,0.953591160221
1744,1595,149,1,0.914564220183
1769,1633,136,1,0.92312040701
1615,1600,15,1,0.990712074303
1538,1527,11,1,0.992847854356
1612,1550,62,1,0.961538461538
1683,1263,420,2,0.249554367201
1531,1531,0,1,1.0
1749,1587,162,2,0.0926243567753
1634,1594,40,1,0.975520195838
1643,1552,91,1,0.944613511869
855,14,841,2,0.983625730994
1716,1351,365,2,0.212703962704
1607,1565,42,1,0.973864343497
1673,1590,83,1,0.95038852361
1731,1573,158,1,0.90872328134
1683,1589,94,2,0.0558526440879
1675,1521,154,2,0.0919402985075
1093,277,816,2,0.746569075938
1280,677,603,2,0.47109375
1485,1147,338,2,0.227609427609
1721,1445,276,2,0.160371876816
1644,1575,69,1,0.95802919708
833,1,832,2,0.998799519808
1613,1493,120,2,0.0743955362678
1632,1314,318,2,0.194852941176
1545,1525,20,1,0.987055016181
1883,1492,391,2,0.207647371216
1607,1582,25,1,0.984443061605
1650,1599,51,1,0.969090909091
1123,631,492,2,0.438112199466
833,78,755,2,0.906362545018
1806,1585,221,2,0.122369878184
1567,1524,43,1,0.972559029994
1605,1597,8,1,0.995015576324
881,10,871,2,0.988649262202
1656,1625,31,1,0.981280193237
1607,1514,93,1,0.942128189172
1372,986,386,2,0.281341107872
1697,1563,134,2,0.0789628756629
1011,176,835,2,0.825914935707
1659,1574,85,2,0.0512356841471
1269,602,667,2,0.5256107171
937,54,883,2,0.942369263607
1592,1561,31,1,0.980527638191
1571,1549,22,1,0.985996180777
888,26,862,2,0.970720720721
829,55,774,2,0.933655006031
1712,1712,0,2,0.0
1765,1604,161,1,0.908781869688
1626,1555,71,1,0.956334563346
1709,1583,126,1,0.926272674078
1739,1585,154,1,0.911443358252
1095,345,750,2,0.684931506849
1719,1574,145,1,0.915648632926
843,78,765,2,0.907473309609
1523,1506,17,1,0.988837820092
1646,1454,192,2,0.116646415553
1574,1487,87,1,0.944726810673
1768,1581,187,1,0.894230769231
1526,899,627,2,0.410878112713
1821,1588,233,1,0.872048325096
1668,1624,44,1,0.973621103118
817,10,807,2,0.987760097919
1624,1551,73,1,0.955049261084
1624,1572,52,1,0.967980295567
1569,1499,70,2,0.044614404079
1452,1089,363,2,0.25
1575,1575,0,2,0.0
798,12,786,2,0.984962406015
910,43,867,2,0.952747252747
1586,1585,1,1,0.999369482976
1627,1555,72,1,0.955746773202
1687,1625,62,2,0.0367516301126
1773,1501,272,2,0.153412295544
1710,1183,527,2,0.308187134503
1099,568,531,2,0.483166515014
1638,1546,92,1,0.943833943834
1629,1596,33,1,0.979742173112
1502,1481,21,1,0.986018641811
1658,1644,14,2,0.00844390832328
1644,1569,75,1,0.954379562044
1955,1593,362,2,0.185166240409
1643,1573,70,2,0.0426049908704
1582,1525,57,1,0.96396965866
1660,1660,0,2,0.0
1273,804,469,2,0.368421052632
1164,408,756,2,0.649484536082
1678,1619,59,1,0.96483909416
916,32,884,2,0.965065502183
1464,1455,9,1,0.993852459016
1609,1583,26,1,0.983840894966
781,15,766,2,0.980793854033
796,11,785,2,0.986180904523
1760,1641,119,2,0.0676136363636
1713,1225,488,2,0.284880326912
1692,1525,167,1,0.901300236407
1625,1584,41,1,0.974769230769
1706,1687,19,2,0.0111371629543
1594,1585,9,1,0.994353826851
1814,1557,257,1,0.858324145535
1015,235,780,2,0.768472906404
1647,1535,112,1,0.931997571342
1546,1529,17,1,0.989003880983
722,0,722,2,1.0
856,19,837,2,0.977803738318
1546,1455,91,1,0.941138421734
1519,1509,10,1,0.993416721527
1053,292,761,2,0.72269705603
1733,1613,120,2,0.069244085401
873,13,860,2,0.98510882016
1571,1569,2,2,0.00127307447486
861,0,861,2,1.0
794,1,793,2,0.998740554156
920,31,889,2,0.966304347826
1545,1545,0,1,1.0
1646,1615,31,1,0.981166464156
1155,296,859,2,0.743722943723
1691,1661,30,1,0.982259018332
1901,1623,278,2,0.146238821673
1722,1567,155,1,0.909988385598
1061,356,705,2,0.664467483506
1607,1606,1,1,0.999377722464
1556,1515,41,1,0.973650385604
1668,1568,100,2,0.0599520383693
1683,1597,86,1,0.94890077243
809,5,804,2,0.993819530284
958,56,902,2,0.941544885177
1659,1555,104,1,0.937311633514
818,17,801,2,0.979217603912
1675,1584,91,2,0.054328358209
1689,1665,24,2,0.0142095914742
1657,1657,0,2,0.0
854,54,800,2,0.936768149883
899,86,813,2,0.904338153504
1792,1630,162,1,0.909598214286
1669,1547,122,2,0.0730976632714
1575,1575,0,1,1.0
1575,1575,0,1,1.0
1604,1604,0,1,1.0
1529,1529,0,1,1.0
992,183,809,2,0.815524193548
1643,1551,92,1,0.944004869142
867,3,864,2,0.996539792388
1658,1598,60,1,0.963811821472
903,61,842,2,0.932447397564
1597,1589,8,1,0.994990607389
1643,1563,80,1,0.951308581862
1779,1778,1,2,0.000562113546936
1705,1536,169,1,0.900879765396
813,46,767,2,0.943419434194
1625,1567,58,1,0.964307692308
1613,1592,21,1,0.986980781153
1628,1535,93,1,0.942874692875
887,33,854,2,0.962795941375
1608,1589,19,1,0.988184079602
1595,1569,26,2,0.0163009404389
1699,1628,71,1,0.958210712184
1727,1727,0,2,0.0
1663,1530,133,2,0.0799759470836
888,40,848,2,0.954954954955
1783,1594,189,2,0.106001121705
1653,1611,42,2,0.0254083484574
1649,1649,0,1,1.0
1786,1590,196,2,0.109742441209
1682,1568,114,1,0.932223543401
1664,1569,95,1,0.942908653846
1236,754,482,2,0.38996763754
1652,1650,2,2,0.00121065375303
867,18,849,2,0.979238754325
1616,1587,29,2,0.0179455445545
1631,1556,75,1,0.95401594114
1665,1526,139,1,0.916516516517
1692,1543,149,2,0.088061465721
1621,1621,0,2,0.0
1578,1559,19,1,0.987959442332
772,24,748,2,0.968911917098
840,3,837,2,0.996428571429
1800,1800,0,2,0.0
837,23,814,2,0.972520908005
864,0,864,2,1.0
1771,1578,193,1,0.891022021457
1587,1565,22,1,0.9861373661
1702,1575,127,2,0.0746180963572
1695,1547,148,2,0.0873156342183
1435,1021,414,2,0.28850174216
1577,1577,0,1,1.0
1661,1630,31,1,0.98133654425
807,0,807,2,1.0
1586,1531,55,1,0.965321563682
731,1,730,2,0.998632010944
1687,1680,7,2,0.00414937759336
858,3,855,2,0.996503496503
1709,1613,96,1,0.943826799298
1618,1515,103,1,0.936341161928
1658,1614,44,1,0.973462002413
1754,1598,156,1,0.911060433295
865,0,865,2,1.0
1658,1551,107,1,0.935464414958
1572,1531,41,1,0.973918575064
907,10,897,2,0.988974641676
1549,1489,60,1,0.961265332473
1743,1641,102,1,0.94148020654
1574,1535,39,1,0.975222363405
1684,1557,127,1,0.92458432304
1685,1592,93,1,0.944807121662
1610,1610,0,2,0.0
1708,1606,102,1,0.940281030445
1650,1571,79,1,0.952121212121
892,2,890,2,0.997757847534
1593,1578,15,1,0.990583804143
841,2,839,2,0.997621878716
1717,1640,77,1,0.955154338963
1716,1481,235,2,0.136946386946
1604,1583,21,1,0.986907730673
1616,1234,382,2,0.236386138614
827,1,826,2,0.998790810157
1788,1587,201,2,0.112416107383
1551,1551,0,1,1.0
1372,819,553,2,0.40306122449
1730,1592,138,1,0.920231213873
838,1,837,2,0.998806682578
1677,1587,90,1,0.94633273703
1017,279,738,2,0.725663716814
861,1,860,2,0.998838559814
1716,1622,94,1,0.945221445221
1074,425,649,2,0.604283054004
1389,935,454,2,0.326853851692
947,52,895,2,0.945089757128
848,0,848,2,1.0
1493,1490,3,1,0.997990622907
1730,1576,154,1,0.91098265896
1612,1584,28,1,0.982630272953
1612,1612,0,1,1.0
1798,1548,250,1,0.860956618465
872,7,865,2,0.991972477064
1637,1580,57,1,0.965180207697
1596,1558,38,1,0.97619047619
1565,1565,0,1,1.0
1550,1537,13,1,0.991612903226
1568,1554,14,1,0.991071428571
1624,1562,62,2,0.0381773399015
1621,1567,54,1,0.966687230105
958,77,881,2,0.919624217119
1632,1539,93,1,0.943014705882
1729,1596,133,1,0.923076923077
1567,1567,0,1,1.0
959,151,808,2,0.842544316997
922,137,785,2,0.851409978308
1618,1494,124,1,0.923362175525
1734,1589,145,2,0.0836216839677
1676,1579,97,1,0.942124105012
1603,1514,89,1,0.944479101684
870,0,870,2,1.0
783,0,783,2,1.0
1704,1525,179,1,0.894953051643
1530,711,819,2,0.535294117647
1191,617,574,2,0.481947942905
1632,1550,82,1,0.949754901961
1704,1588,116,1,0.931924882629
1750,1750,0,2,0.0
1590,1564,26,1,0.983647798742
1521,1473,48,1,0.968441814596
1556,1467,89,1,0.942802056555
956,81,875,2,0.915271966527
1352,807,545,2,0.403106508876
1522,1522,0,1,1.0
1726,1618,108,1,0.937427578216
1811,1671,140,1,0.922694643843
1697,1553,144,2,0.0848556275781
1026,155,871,2,0.848927875244
831,3,828,2,0.996389891697
907,90,817,2,0.900771775083
1614,1575,39,1,0.975836431227
1673,1575,98,1,0.941422594142
1062,260,802,2,0.755178907721
1575,1563,12,1,0.992380952381
1600,1579,21,1,0.986875
1614,1603,11,1,0.993184634449
870,0,870,2,1.0
1603,1579,24,1,0.985028072364
1628,1587,41,1,0.974815724816
1707,1623,84,1,0.95079086116
1696,1596,100,1,0.941037735849
1745,1614,131,1,0.924928366762
1681,1567,114,1,0.932183224271
817,26,791,2,0.96817625459
1693,1469,224,2,0.132309509746
947,108,839,2,0.885955649419
893,20,873,2,0.977603583427
791,0,791,2,1.0
1701,1651,50,1,0.970605526161
1629,1555,74,1,0.954573357888
912,5,907,2,0.99451754386
972,158,814,2,0.837448559671
1609,1554,55,1,0.965817277812
1630,1628,2,1,0.998773006135
920,57,863,2,0.938043478261
1486,814,672,2,0.452220726783
791,0,791,2,1.0
1833,1833,0,2,0.0
884,0,884,2,1.0
1520,1481,39,1,0.974342105263
822,2,820,2,0.997566909976
1620,1594,26,1,0.983950617284
1555,1545,10,1,0.993569131833
1638,1559,79,1,0.95177045177
1795,1616,179,1,0.900278551532
1773,1628,145,1,0.918217710096
1772,1556,216,2,0.121896162528
1762,1621,141,1,0.919977298524
1712,1543,169,1,0.901285046729
1850,1672,178,1,0.903783783784
1693,1621,72,1,0.957471943296
1565,1554,11,1,0.992971246006
1255,713,542,2,0.43187250996
1677,1533,144,2,0.0858676207513
1573,1552,21,2,0.0133502860776
1611,1536,75,1,0.953445065177
1577,1538,39,1,0.975269499049
1613,1568,45,1,0.9721016739
1650,1545,105,2,0.0636363636364
1526,1510,16,1,0.989515072084
1501,1501,0,1,1.0
1606,1278,328,2,0.204234122042
1742,1742,0,2,0.0
1708,1575,133,2,0.077868852459
958,2,956,2,0.997912317328
1351,1035,316,2,0.233900814212
1580,1498,82,1,0.948101265823
1577,1074,503,2,0.318960050729
759,0,759,2,1.0
1549,1507,42,1,0.972885732731
1696,1574,122,1,0.928066037736
1664,1606,58,1,0.965144230769
1562,1541,21,1,0.986555697823
1542,1500,42,1,0.972762645914
918,0,918,2,1.0
906,27,879,2,0.970198675497
1578,1554,24,1,0.984790874525
870,32,838,2,0.963218390805
1551,1405,146,2,0.0941328175371
1471,1056,415,2,0.282121006118
1637,1547,90,1,0.945021380574
1587,1558,29,1,0.98172652804
1693,1581,112,2,0.066154754873
1662,1609,53,1,0.968110709988
1549,1210,339,2,0.21885087153
929,124,805,2,0.866523143165
1671,1556,115,1,0.93117893477
1621,1621,0,1,1.0
1566,1486,80,1,0.948914431673
931,1,930,2,0.998925886144
1777,1634,143,1,0.919527293191
1673,1559,114,1,0.931858936043
1687,1602,85,1,0.949614700652
875,15,860,2,0.982857142857
1805,1517,288,2,0.159556786704
835,0,835,2,1.0
896,90,806,2,0.899553571429
1577,1561,16,1,0.989854153456
1589,1549,40,1,0.974826935179
1643,1597,46,1,0.972002434571
1603,1544,59,1,0.963194011229
938,3,935,2,0.996801705757
1775,1569,206,1,0.883943661972
1675,1547,128,1,0.923582089552
1675,1612,63,1,0.962388059701
1589,1589,0,2,0.0
962,92,870,2,0.904365904366
1641,1605,36,1,0.978062157221
1577,1536,41,1,0.974001268231
1622,1569,53,1,0.967324290999
799,39,760,2,0.951188986233
858,0,858,2,1.0
1630,1548,82,1,0.949693251534
1741,1567,174,1,0.900057438254
1067,332,735,2,0.688847235239
1592,1582,10,2,0.00628140703518
892,1,891,2,0.998878923767
1586,1562,24,1,0.984867591425
1598,1586,12,1,0.992490613267
880,15,865,2,0.982954545455
1653,1567,86,1,0.94797338173
1626,1541,85,1,0.947724477245
1798,1634,164,1,0.908787541713
1690,1600,90,2,0.0532544378698
1669,1622,47,1,0.971839424805
1695,1610,85,2,0.0501474926254
1577,1481,96,1,0.939124920736
1583,1550,33,1,0.979153506001
1856,1587,269,2,0.144935344828
1666,1618,48,1,0.97118847539
1683,1532,151,1,0.91027926322
1658,1625,33,1,0.980096501809
1670,1628,42,2,0.0251497005988
865,0,865,2,1.0
1787,1607,180,2,0.100727476217
1631,1593,38,1,0.976701410178
1629,1606,23,1,0.985880908533
1045,377,668,2,0.639234449761
1547,1547,0,1,1.0
809,0,809,2,1.0
1642,1518,124,2,0.0755176613886
1577,1546,31,1,0.980342422321
1744,1566,178,1,0.897935779817
1548,1533,15,1,0.990310077519
1628,1591,37,2,0.0227272727273
1660,1591,69,1,0.95843373494
849,47,802,2,0.944640753828
1617,1535,82,1,0.949288806432
1591,1591,0,1,1.0
873,0,873,2,1.0
1311,584,727,2,0.554538520214
818,0,818,2,1.0
1672,1543,129,1,0.922846889952
920,0,920,2,1.0
1722,1565,157,1,0.908826945412
1702,1509,193,1,0.8866039953
1721,1721,0,2,0.0
986,85,901,2,0.913793103448
1016,401,615,2,0.60531496063
916,82,834,2,0.910480349345
875,11,864,2,0.987428571429
1444,930,514,2,0.35595567867
758,66,692,2,0.912928759894
1545,1514,31,1,0.979935275081
1725,1561,164,1,0.904927536232
1626,1501,125,2,0.0768757687577
1590,1526,64,2,0.040251572327
839,4,835,2,0.995232419547
1742,1610,132,1,0.924225028703
1545,1502,43,1,0.97216828479
1015,180,835,2,0.822660098522
1671,1563,108,1,0.935368043088
1613,1569,44,1,0.972721636702
1666,1412,254,2,0.152460984394
1614,1544,70,1,0.956629491945
1533,1533,0,1,1.0
1641,1484,157,1,0.904326630104
1633,1597,36,1,0.97795468463
1576,1558,18,1,0.988578680203
1707,1599,108,2,0.0632688927944
863,28,835,2,0.967555040556
1573,1573,0,1,1.0
822,87,735,2,0.894160583942
750,1,749,2,0.998666666667
887,0,887,2,1.0
807,12,795,2,0.985130111524
1744,1580,164,2,0.0940366972477
1206,347,859,2,0.712271973466
1579,1552,27,1,0.982900569981
1698,1611,87,1,0.948763250883
862,0,862,2,1.0
993,167,826,2,0.831822759315
1548,1518,30,2,0.0193798449612
1600,1557,43,1,0.973125
1880,1530,350,2,0.186170212766
1584,1559,25,1,0.984217171717
1650,1650,0,2,0.0
1683,1518,165,1,0.901960784314
1630,1554,76,1,0.953374233129
1517,1517,0,1,1.0
1138,428,710,2,0.623901581722
1799,1360,439,2,0.244024458032
1621,1611,10,1,0.993830968538
1708,1567,141,1,0.917447306792
1650,1602,48,2,0.0290909090909
1611,1555,56,1,0.965238981999
844,1,843,2,0.998815165877
1687,1614,73,1,0.956727919384
1539,1533,6,1,0.996101364522
869,1,868,2,0.998849252014
733,1,732,2,0.99863574352
1585,1267,318,2,0.200630914826
1686,1522,164,1,0.902728351127
1602,1596,6,1,0.996254681648
1525,1491,34,1,0.977704918033
1273,698,575,2,0.451688923802
1635,1619,16,1,0.990214067278
1551,1522,29,1,0.981302385558
1756,1578,178,1,0.898633257403
1602,1583,19,1,0.988139825218
1609,1557,52,1,0.967681789932
760,1,759,2,0.998684210526
1731,1595,136,1,0.921432697863
1618,1616,2,1,0.998763906057
1695,1586,109,2,0.0643067846608
854,38,816,2,0.955503512881
1007,39,968,2,0.961271102284
1669,1564,105,1,0.937088076693
1578,1521,57,1,0.963878326996
1642,1589,53,1,0.96772228989
1523,1523,0,1,1.0
849,6,843,2,0.992932862191
1617,1558,59,1,0.963512677798
976,196,780,2,0.799180327869
1622,1622,0,2,0.0
1764,1595,169,1,0.904195011338
1635,1561,74,2,0.0452599388379
1709,1592,117,1,0.931538911644
1657,1587,70,1,0.957754978877
1752,1739,13,2,0.0074200913242
948,105,843,2,0.889240506329
922,5,917,2,0.994577006508
1651,1592,59,1,0.964264082374
1723,1610,113,1,0.934416715032
1748,1619,129,1,0.926201372998
1596,1563,33,1,0.979323308271
982,79,903,2,0.919551934827
1673,1599,74,1,0.955768081291
1399,487,912,2,0.65189421015
1601,1516,85,2,0.053091817614
1673,1647,26,2,0.0155409444112
1682,1630,52,1,0.969084423306
890,56,834,2,0.937078651685
1765,1567,198,1,0.887818696884
1639,1519,120,2,0.0732153752288
1481,1079,402,2,0.271438217421
1673,1624,49,1,0.970711297071
1538,1536,2,1,0.998699609883
1515,1515,0,1,1.0
1560,1560,0,1,1.0
888,7,881,2,0.992117117117
978,1,977,2,0.998977505112
868,35,833,2,0.959677419355
813,6,807,2,0.992619926199
1672,1536,136,1,0.918660287081
1703,1650,53,1,0.968878449794
868,0,868,2,1.0
1740,1539,201,1,0.884482758621
1726,1577,149,1,0.913673232908
1779,1557,222,1,0.87521079258
1652,1571,81,1,0.950968523002
1278,728,550,2,0.430359937402
1471,886,585,2,0.397688647179
794,2,792,2,0.997481108312
827,0,827,2,1.0
1122,495,627,2,0.558823529412
1704,1704,0,2,0.0
826,1,825,2,0.998789346247
1810,1577,233,2,0.128729281768
1634,1547,87,1,0.946756425949
1275,823,452,2,0.354509803922
1712,1604,108,1,0.93691588785
1600,1581,19,2,0.011875
1792,1548,244,1,0.863839285714
659,61,598,2,0.907435508346
805,2,803,2,0.99751552795
1623,1613,10,2,0.00616142945163
1715,1577,138,1,0.919533527697
1744,1606,138,1,0.920871559633
1757,1757,0,2,0.0
1653,1563,90,1,0.94555353902
1228,621,607,2,0.494299674267
1686,1605,81,1,0.951957295374
1557,1494,63,1,0.959537572254
857,1,856,2,0.998833138856
1690,1557,133,1,0.921301775148
1751,1582,169,1,0.903483723587
843,20,823,2,0.976275207592
1618,1532,86,1,0.946847960445
1610,1535,75,1,0.953416149068
1599,1593,6,1,0.996247654784
1622,1572,50,1,0.969173859433
1619,1563,56,1,0.965410747375
1749,1749,0,2,0.0
1068,125,943,2,0.882958801498
1168,326,842,2,0.720890410959
1614,1540,74,1,0.9541511772
1644,1587,57,1,0.965328467153
1609,1545,64,1,0.960223741454
1645,1614,31,1,0.981155015198
1641,1525,116,1,0.929311395491
1850,1850,0,2,0.0
1627,1604,23,1,0.985863552551
1715,1703,12,2,0.0069970845481
1730,1280,450,2,0.260115606936
894,26,868,2,0.970917225951
1502,1498,4,1,0.997336884154
1643,1528,115,1,0.930006086427
1720,1581,139,1,0.919186046512
1553,1535,18,1,0.988409529942
1734,1579,155,2,0.0893886966551
894,41,853,2,0.954138702461
1781,1572,209,2,0.117349803481
940,66,874,2,0.929787234043
1636,1227,409,2,0.25
1603,1575,28,1,0.982532751092
1668,1539,129,1,0.922661870504
833,1,832,2,0.998799519808
1511,1478,33,1,0.978160158835
1624,1615,9,1,0.994458128079
1536,1535,1,1,0.999348958333
1655,1557,98,1,0.940785498489
1659,1618,41,1,0.975286317058
1682,1615,67,1,0.96016646849
939,91,848,2,0.903088391906
1016,264,752,2,0.740157480315
1582,1532,50,1,0.968394437421
1645,1571,74,2,0.0449848024316
1607,1554,53,1,0.967019290604
1729,1434,295,2,0.170618854829
927,37,890,2,0.960086299892
1535,1535,0,1,1.0
1737,1426,311,2,0.179044329303
1609,1605,4,1,0.997513983841
920,1,919,2,0.998913043478
1769,1604,165,1,0.906726964387
1645,1108,537,2,0.326443768997
1595,1595,0,2,0.0
1615,1546,69,1,0.957275541796
1585,1578,7,1,0.995583596215
1599,1514,85,1,0.94684177611
1570,1517,53,1,0.966242038217
904,55,849,2,0.939159292035
1739,1607,132,2,0.075905692927
1586,1519,67,1,0.957755359395
867,22,845,2,0.974625144175
1307,852,455,2,0.348125478194
1741,1566,175,2,0.100516944285
1813,1714,99,1,0.945394373966
1565,1536,29,1,0.981469648562
1611,1534,77,1,0.952203600248
1798,1663,135,1,0.924916573971
954,58,896,2,0.939203354298
1830,1559,271,2,0.148087431694
1594,1380,214,2,0.134253450439
1553,1473,80,1,0.948486799742
1728,1542,186,1,0.892361111111
1636,1580,56,1,0.965770171149
1759,1554,205,1,0.88345650938
1558,1491,67,1,0.956996148909
1599,1536,63,1,0.960600375235
1572,1548,24,1,0.984732824427
1583,1568,15,1,0.99052432091
1852,1552,300,2,0.161987041037
898,7,891,2,0.992204899777
1863,1623,240,2,0.128824476651
1690,1576,114,2,0.0674556213018
1714,1611,103,1,0.939906651109
898,82,816,2,0.90868596882
1296,514,782,2,0.603395061728
1677,1571,106,1,0.93679189028
1581,1540,41,1,0.974067046173
1595,1545,50,1,0.968652037618
1695,1528,167,2,0.0985250737463
1655,1588,67,1,0.959516616314
1626,1617,9,1,0.994464944649
1715,1607,108,1,0.937026239067
1697,1545,152,1,0.91043017089
1674,1549,125,1,0.925328554361
1554,1520,34,1,0.978120978121
1732,1597,135,1,0.922055427252
1729,1584,145,1,0.916136495084
911,27,884,2,0.970362239297
1757,1634,123,1,0.92999430848
1646,1629,17,2,0.0103280680437
1642,1596,46,1,0.971985383678
935,52,883,2,0.944385026738
1783,1573,210,1,0.882220975883
1424,917,507,2,0.356039325843
1673,1590,83,1,0.95038852361
1568,1519,49,1,0.96875
1750,1634,116,1,0.933714285714
888,22,866,2,0.975225225225
1588,1537,51,1,0.967884130982
1789,1789,0,2,0.0
1672,1548,124,1,0.925837320574
818,5,813,2,0.993887530562
1578,1552,26,1,0.983523447402
1047,329,718,2,0.685768863419
1781,1646,135,1,0.924199887704
768,1,767,2,0.998697916667
823,3,820,2,0.996354799514
886,34,852,2,0.961625282167
1483,1483,0,1,1.0
873,2,871,2,0.997709049255
784,10,774,2,0.987244897959
1639,1585,54,1,0.967053081147
1510,1510,0,1,1.0
1631,1605,26,1,0.984058859595
1706,1698,8,2,0.00468933177022
803,2,801,2,0.997509339975
1690,1430,260,2,0.153846153846
1588,1546,42,1,0.97355163728
1674,1527,147,2,0.0878136200717
753,69,684,2,0.908366533865
1576,1521,55,1,0.965101522843
880,2,878,2,0.997727272727
1575,1476,99,2,0.0628571428571
1777,1546,231,1,0.870005627462
1240,662,578,2,0.466129032258
1604,1551,53,1,0.966957605985
1611,1611,0,1,1.0
932,5,927,2,0.994635193133
1572,1549,23,1,0.985368956743
1760,1682,78,2,0.0443181818182
1634,1578,56,1,0.965728274174
813,0,813,2,1.0
1579,1560,19,1,0.987967067764
951,14,937,2,0.985278654048
1685,1605,80,2,0.0474777448071
1608,1535,73,1,0.95460199005
881,19,862,2,0.978433598184
1571,1483,88,1,0.943984723106
1826,1580,246,1,0.865279299014
1613,1583,30,1,0.981401115933
1691,1581,110,1,0.934949733885
1568,1568,0,1,1.0
1568,715,853,2,0.544005102041
899,35,864,2,0.96106785317
824,2,822,2,0.997572815534
1607,1574,33,1,0.979464841319
794,2,792,2,0.997481108312
1636,1545,91,2,0.0556234718826
1612,1569,43,1,0.973325062035
1745,1583,162,1,0.907163323782
1674,1562,112,1,0.933094384707
1704,1536,168,2,0.0985915492958
1618,1533,85,1,0.947466007417
907,22,885,2,0.975744211687
818,1,817,2,0.998777506112
922,97,825,2,0.894793926247
918,0,918,2,1.0
1236,652,584,2,0.472491909385
1683,1573,110,1,0.934640522876
1668,1550,118,2,0.0707434052758
1549,1515,34,1,0.978050355068
1635,1635,0,1,1.0
1679,1560,119,1,0.929124478856
1744,1605,139,1,0.920298165138
1682,1523,159,1,0.905469678954
1734,1719,15,2,0.00865051903114
1640,1625,15,1,0.990853658537
1659,1613,46,1,0.972272453285
1547,1512,35,1,0.977375565611
1626,1563,63,1,0.961254612546
1103,294,809,2,0.733454215775
917,117,800,2,0.872410032715
1604,1603,1,1,0.999376558603
1638,1572,66,1,0.959706959707
1620,1613,7,2,0.00432098765432
1683,1521,162,1,0.903743315508
1108,545,563,2,0.508122743682
927,74,853,2,0.920172599784
1565,1532,33,1,0.978913738019
926,0,926,2,1.0
803,5,798,2,0.993773349938
846,7,839,2,0.991725768322
1560,1556,4,2,0.0025641025641
1576,1543,33,1,0.979060913706
1678,1596,82,1,0.951132300358
1624,1602,22,1,0.98645320197
1641,1513,128,2,0.078001218769
1563,1523,40,2,0.0255918106206
883,1,882,2,0.998867497169
1610,1609,1,2,0.000621118012422
968,1,967,2,0.998966942149
749,0,749,2,1.0
1650,1565,85,1,0.948484848485
902,2,900,2,0.9977827051
1758,1565,193,1,0.890216154721
1023,273,750,2,0.733137829912
870,27,843,2,0.968965517241
1592,1585,7,1,0.995603015075
787,6,781,2,0.992376111817
903,14,889,2,0.984496124031
774,0,774,2,1.0
1662,1531,131,2,0.0788206979543
1681,1568,113,1,0.932778108269
886,15,871,2,0.983069977427
937,0,937,2,1.0
1609,1598,11,1,0.993163455562
1672,1569,103,1,0.938397129187
773,0,773,2,1.0
890,107,783,2,0.879775280899
786,4,782,2,0.994910941476
1874,1714,160,1,0.91462113127
1799,1660,139,1,0.922734852696
1691,1627,64,2,0.0378474275577
894,3,891,2,0.996644295302
801,0,801,2,1.0
961,132,829,2,0.862643080125
912,96,816,2,0.894736842105
1607,1588,19,2,0.0118232731798
1585,1562,23,1,0.985488958991
950,72,878,2,0.924210526316
1655,1570,85,1,0.948640483384
911,69,842,2,0.924259055982
1530,1524,6,1,0.996078431373
1612,1529,83,1,0.948511166253
1454,1041,413,2,0.284044016506
1573,1562,11,1,0.993006993007
1597,1532,65,1,0.959298685034
978,109,869,2,0.88854805726
895,0,895,2,1.0
1541,1508,33,1,0.978585334199
1713,1574,139,2,0.0811441914769
1595,1577,18,1,0.988714733542
907,1,906,2,0.998897464168
1487,1476,11,1,0.992602555481
1045,152,893,2,0.854545454545
1566,1505,61,1,0.961047254151
879,35,844,2,0.960182025028
928,110,818,2,0.881465517241
1000,104,896,2,0.896
1614,1567,47,1,0.970879801735
975,26,949,2,0.973333333333
936,26,910,2,0.972222222222
940,0,940,2,1.0
1674,1596,78,2,0.0465949820789
1584,1556,28,1,0.982323232323
1709,1565,144,1,0.915740198947
1719,1703,16,1,0.990692262944
978,0,978,2,1.0
758,0,758,2,1.0
907,3,904,2,0.996692392503
925,143,782,2,0.845405405405
1582,1557,25,1,0.98419721871
1597,1574,23,1,0.985597996243
1681,1582,99,1,0.941106484236
1637,1563,74,1,0.954795357361
1585,1222,363,2,0.229022082019
1694,1608,86,1,0.949232585596
1790,1605,185,1,0.896648044693
1710,1608,102,1,0.940350877193
1581,1549,32,2,0.0202403542062
1548,1509,39,1,0.97480620155
1572,1560,12,1,0.992366412214
1625,1625,0,2,0.0
1681,1585,96,1,0.942891136228
1756,1599,157,1,0.910592255125
1728,1728,0,2,0.0
1671,1670,1,2,0.000598444045482
958,137,821,2,0.856993736952
1720,1532,188,2,0.109302325581
1689,1596,93,2,0.0550621669627
1703,1618,85,1,0.950088079859
1535,1523,12,1,0.992182410423
1582,1577,5,1,0.996839443742
892,28,864,2,0.968609865471
1629,1555,74,1,0.954573357888
897,31,866,2,0.965440356745
1730,1593,137,1,0.920809248555
862,179,683,2,0.792343387471
668,1,667,2,0.998502994012
823,3,820,2,0.996354799514
1431,719,712,2,0.497554157932
1861,1703,158,2,0.0849005910801
1693,1589,104,1,0.938570584761
1559,1541,18,1,0.988454137267
828,26,802,2,0.968599033816
887,0,887,2,1.0
1563,1535,28,1,0.982085732566
1626,1578,48,1,0.970479704797
1683,1604,79,1,0.953060011884
1589,1519,70,1,0.955947136564
1709,1611,98,1,0.942656524283
1547,1530,17,1,0.989010989011
1668,1668,0,2,0.0
1635,1607,28,1,0.982874617737
869,8,861,2,0.99079401611
917,2,915,2,0.997818974918
914,38,876,2,0.958424507659
1633,1557,76,1,0.953459889773
1561,1498,63,1,0.959641255605
1600,1591,9,1,0.994375
995,388,607,2,0.610050251256
1565,1558,7,1,0.99552715655
1690,1655,35,1,0.979289940828
835,0,835,2,1.0
926,94,832,2,0.89848812095
1565,1541,24,1,0.984664536741
1524,1524,0,1,1.0
1607,1550,57,1,0.96453018046
928,19,909,2,0.979525862069
1789,1576,213,1,0.880939072107
1709,1067,642,2,0.375658279696
854,28,826,2,0.967213114754
890,124,766,2,0.860674157303
1682,1682,0,2,0.0
1412,1389,23,1,0.983711048159
1773,1571,202,2,0.113931190073
1565,1565,0,1,1.0
1752,1373,379,2,0.216324200913
851,1,850,2,0.998824911868
1728,1645,83,1,0.951967592593
891,2,889,2,0.997755331089
1649,1637,12,1,0.992722862341
1510,1476,34,1,0.977483443709
833,51,782,2,0.938775510204
1560,1560,0,1,1.0
1617,1582,35,1,0.978354978355
1618,1617,1,2,0.00061804697157
870,1,869,2,0.998850574713
1568,1549,19,1,0.987882653061
1647,1598,49,1,0.970248937462
843,7,836,2,0.991696322657
1670,1605,65,1,0.961077844311
1836,1836,0,2,0.0
1696,1536,160,1,0.905660377358
1570,1395,175,2,0.111464968153
1643,1537,106,1,0.935483870968
1013,237,776,2,0.766041461007
1642,1570,72,1,0.956151035323
1659,1623,36,1,0.978300180832
954,31,923,2,0.96750524109
1616,1567,49,1,0.969678217822
1078,293,785,2,0.728200371058
1608,1557,51,1,0.96828358209
1756,1616,140,1,0.920273348519
806,9,797,2,0.988833746898
1781,1614,167,1,0.906232453678
1758,1544,214,1,0.87827076223
844,3,841,2,0.99644549763
1724,1618,106,1,0.938515081206
962,82,880,2,0.914760914761
1602,1588,14,1,0.991260923845
1566,1566,0,1,1.0
1786,1786,0,2,0.0
818,18,800,2,0.977995110024
817,2,815,2,0.997552019584
778,42,736,2,0.946015424165
955,28,927,2,0.970680628272
1815,1619,196,1,0.892011019284
1648,1572,76,1,0.953883495146
1724,1634,90,1,0.947795823666
735,1,734,2,0.998639455782
939,30,909,2,0.968051118211
1020,192,828,2,0.811764705882
1783,1623,160,1,0.910263600673
1702,1632,70,1,0.958871915394
1722,1612,110,1,0.936120789779
964,183,781,2,0.810165975104
1693,1569,124,1,0.926757235676
1500,1094,406,2,0.270666666667
1244,405,839,2,0.674437299035
839,18,821,2,0.978545887962
1642,1467,175,2,0.106577344702
1771,1771,0,2,0.0
893,145,748,2,0.837625979843
1602,1575,27,1,0.983146067416
1711,1549,162,1,0.905318527177
766,0,766,2,1.0
1726,1578,148,1,0.914252607184
1601,1548,53,1,0.966895690194
1538,1538,0,1,1.0
1733,1538,195,2,0.112521638777
853,47,806,2,0.9449003517
1020,276,744,2,0.729411764706
1698,1575,123,2,0.0724381625442
1773,1572,201,1,0.886632825719
993,180,813,2,0.818731117825
1564,1546,18,1,0.988491048593
1524,1201,323,2,0.211942257218
818,1,817,2,0.998777506112
1276,580,696,2,0.545454545455
1568,1568,0,1,1.0
1607,1512,95,2,0.0591163658992
1679,1577,102,1,0.939249553306
1518,1249,269,2,0.17720685112
1665,1661,4,2,0.0024024024024
932,63,869,2,0.932403433476
1806,1588,218,2,0.120708748616
861,35,826,2,0.959349593496
923,123,800,2,0.866738894908
828,5,823,2,0.993961352657
831,1,830,2,0.998796630566
869,71,798,2,0.91829689298
797,39,758,2,0.951066499373
1699,1685,14,2,0.00824014125956
910,52,858,2,0.942857142857
1677,1587,90,1,0.94633273703
917,38,879,2,0.958560523446
1713,1573,140,1,0.918272037361
932,221,711,2,0.762875536481
947,23,924,2,0.975712777191
882,0,882,2,1.0
1588,1447,141,2,0.0887909319899
1646,1589,57,1,0.965370595383
1858,1651,207,1,0.888589881593
1698,1698,0,2,0.0
1601,1468,133,1,0.916926920675
1729,1621,108,1,0.937536148062
904,2,902,2,0.997787610619
914,71,843,2,0.922319474836
1667,1599,68,1,0.959208158368
1587,1568,19,1,0.988027725268
1591,1494,97,1,0.939032055311
890,39,851,2,0.956179775281
830,1,829,2,0.998795180723
967,26,941,2,0.973112719752
1390,799,591,2,0.425179856115
1590,1582,8,1,0.994968553459
1841,1595,246,1,0.866376969039
1584,1556,28,2,0.0176767676768
893,21,872,2,0.976483762598
1860,1580,280,1,0.849462365591
893,0,893,2,1.0
875,6,869,2,0.993142857143
1573,1508,65,1,0.95867768595
1715,1625,90,1,0.947521865889
1682,1607,75,1,0.955410225922
1626,1588,38,1,0.976629766298
1679,1307,372,2,0.22156045265
842,16,826,2,0.980997624703
1715,1567,148,1,0.913702623907
1601,1574,27,1,0.983135540287
1593,1592,1,1,0.99937225361
955,9,946,2,0.99057591623
906,2,904,2,0.997792494481
1009,298,711,2,0.704658077304
1649,1531,118,1,0.928441479685
934,11,923,2,0.988222698073
1368,935,433,2,0.316520467836
1651,1568,83,1,0.949727437916
859,12,847,2,0.986030267753
1641,1575,66,2,0.0402193784278
1631,1631,0,2,0.0
1680,1625,55,2,0.0327380952381
882,116,766,2,0.868480725624
1475,1470,5,1,0.996610169492
925,27,898,2,0.970810810811
1667,1625,42,1,0.974805038992
816,1,815,2,0.998774509804
1580,1580,0,1,1.0
1415,889,526,2,0.371731448763
983,172,811,2,0.82502543235
888,109,779,2,0.877252252252
1698,1599,99,1,0.941696113074
1539,1488,51,1,0.966861598441
825,0,825,2,1.0
1043,354,689,2,0.660594439118
1650,1585,65,2,0.0393939393939
1570,1570,0,2,0.0
819,2,817,2,0.997557997558
1716,1611,105,1,0.938811188811
1646,1579,67,2,0.0407047387606
725,0,725,2,1.0
1776,1555,221,1,0.875563063063
1804,1619,185,2,0.102549889135
1942,1467,475,2,0.244593202884
833,0,833,2,1.0
1736,1610,126,1,0.927419354839
1630,1581,49,1,0.969938650307
1818,1567,251,1,0.861936193619
1604,1577,27,1,0.983167082294
1102,299,803,2,0.728675136116
1603,1603,0,2,0.0
1673,1638,35,1,0.979079497908
1729,1588,141,1,0.918449971082
1764,1504,260,2,0.147392290249
909,60,849,2,0.93399339934
1674,1593,81,1,0.951612903226
861,1,860,2,0.998838559814
1664,1318,346,2,0.207932692308
1602,1551,51,1,0.968164794007
1584,1553,31,1,0.980429292929
1603,1458,145,2,0.0904553961323
1762,1624,138,1,0.921679909194
976,27,949,2,0.972336065574
869,1,868,2,0.998849252014
1710,1698,12,2,0.00701754385965
1742,1583,159,1,0.908725602755
1665,1665,0,2,0.0
1584,1288,296,2,0.186868686869
1623,1612,11,1,0.993222427603
1546,1525,21,1,0.986416558862
882,33,849,2,0.962585034014
1673,1557,116,2,0.0693365212194
1891,1556,335,2,0.177154944474
1661,1601,60,1,0.96387718242
1695,1292,403,2,0.237758112094
1671,1582,89,2,0.0532615200479
1639,1627,12,2,0.00732153752288
1647,1508,139,2,0.0843958712811
1526,1526,0,1,1.0
1552,1519,33,1,0.978737113402
1004,330,674,2,0.671314741036
1771,1692,79,2,0.0446075663467
1602,1555,47,1,0.970661672909
763,67,696,2,0.912188728702
1508,1464,44,1,0.970822281167
1667,1565,102,2,0.0611877624475
1750,1602,148,1,0.915428571429
867,44,823,2,0.949250288351
882,0,882,2,1.0
1704,1582,122,2,0.0715962441315
876,0,876,2,1.0
1803,1644,159,1,0.911813643927
1614,1543,71,1,0.956009913259
1611,1572,39,2,0.024208566108
1793,1540,253,2,0.141104294479
1374,798,576,2,0.419213973799
903,153,750,2,0.830564784053
1610,1552,58,1,0.96397515528
1691,1574,117,1,0.930810171496
1602,1551,51,1,0.968164794007
1711,1534,177,1,0.896551724138
859,6,853,2,0.993015133877
1638,1531,107,1,0.934676434676
1743,1642,101,2,0.0579460699943
942,11,931,2,0.988322717622
1662,1565,97,1,0.941636582431
1608,1591,17,1,0.989427860697
903,2,901,2,0.997785160576
1775,1572,203,1,0.885633802817
1093,332,761,2,0.696248856359
915,80,835,2,0.912568306011
885,69,816,2,0.922033898305
1548,1521,27,2,0.0174418604651
852,0,852,2,1.0
852,16,836,2,0.981220657277
1444,1106,338,2,0.234072022161
885,2,883,2,0.997740112994
812,12,800,2,0.985221674877
848,29,819,2,0.965801886792
1643,1514,129,2,0.0785149117468
865,0,865,2,1.0
931,235,696,2,0.747583243824
1661,1629,32,1,0.980734497291
1775,1670,105,1,0.940845070423
769,1,768,2,0.998699609883
1563,1491,72,1,0.953934740883
906,104,802,2,0.885209713024
1558,1502,56,1,0.96405648267
1626,1595,31,1,0.980934809348
1695,1578,117,1,0.930973451327
880,7,873,2,0.992045454545
1537,1516,21,1,0.986337020169
1573,1559,14,1,0.991099809282
1696,1588,108,1,0.936320754717
1848,1587,261,1,0.858766233766
1709,1513,196,1,0.885313048566
938,1,937,2,0.998933901919
797,2,795,2,0.997490589711
1607,1561,46,1,0.971375233354
917,13,904,2,0.985823336968
1663,1501,162,2,0.0974143114853
1599,1564,35,1,0.978111319575
1896,1513,383,2,0.202004219409
848,21,827,2,0.975235849057
1559,1543,16,1,0.989737010904
1189,484,705,2,0.592935239697
928,26,902,2,0.971982758621
1688,1509,179,2,0.106042654028
1668,1542,126,2,0.0755395683453
1671,1549,122,1,0.926989826451
1762,1606,156,1,0.911464245176
1696,1568,128,1,0.924528301887
914,68,846,2,0.925601750547
1659,1595,64,1,0.961422543701
1708,1586,122,1,0.928571428571
928,42,886,2,0.95474137931
889,26,863,2,0.970753655793
902,43,859,2,0.952328159645
1325,890,435,2,0.328301886792
1646,1603,43,1,0.973876063183
1681,1577,104,1,0.938132064247
1676,1595,81,1,0.951670644391
831,141,690,2,0.830324909747
1605,1554,51,1,0.968224299065
920,4,916,2,0.995652173913
1714,1621,93,1,0.945740956826
1539,1481,58,1,0.962313190383
744,2,742,2,0.997311827957
1590,1590,0,1,1.0
1710,1580,130,1,0.923976608187
1566,1531,35,1,0.977650063857
1456,1238,218,2,0.149725274725
1702,1609,93,2,0.0546415981199
1686,1595,91,1,0.946026097272
1791,1575,216,1,0.879396984925
949,214,735,2,0.77449947313
917,150,767,2,0.836423118866
1670,1603,67,2,0.040119760479
963,57,906,2,0.940809968847
973,239,734,2,0.754367934224
845,0,845,2,1.0
1646,1560,86,1,0.947752126367
1530,1523,7,1,0.995424836601
1591,1590,1,2,0.000628535512256
1535,1535,0,1,1.0
1481,1455,26,2,0.0175557056043
770,0,770,2,1.0
1901,1629,272,1,0.856917411888
888,0,888,2,1.0
1580,1282,298,2,0.188607594937
1587,1562,25,2,0.0157529930687
994,495,499,2,0.502012072435
1054,392,662,2,0.628083491461
1824,1824,0,2,0.0
1593,1593,0,1,1.0
1616,1531,85,1,0.947400990099
1457,1200,257,2,0.176389842141
1622,1554,68,1,0.958076448829
798,15,783,2,0.981203007519
1650,1619,31,1,0.981212121212
905,8,897,2,0.991160220994
1590,1572,18,2,0.011320754717
1708,1617,91,1,0.946721311475
1679,1592,87,1,0.948183442525
878,102,776,2,0.883826879271
1500,885,615,2,0.41
872,4,868,2,0.995412844037
1676,1626,50,1,0.970167064439
1655,1570,85,2,0.0513595166163
1797,1434,363,2,0.202003338898
783,0,783,2,1.0
1815,1632,183,1,0.899173553719
1610,1568,42,1,0.973913043478
1723,1610,113,1,0.934416715032
843,22,821,2,0.973902728351
1619,1587,32,2,0.0197652872143
1664,1605,59,1,0.964543269231
1619,1573,46,1,0.971587399629
1840,1337,503,2,0.273369565217
1589,1562,27,1,0.983008181246
1565,1565,0,1,1.0
1633,1328,305,2,0.186772810778
1771,1628,143,2,0.0807453416149
774,20,754,2,0.974160206718
1662,1638,24,1,0.985559566787
827,9,818,2,0.989117291415
818,21,797,2,0.974327628362
978,156,822,2,0.840490797546
1652,1652,0,2,0.0
1758,1597,161,1,0.908418657565
746,0,746,2,1.0
1734,1532,202,2,0.116493656286
1728,1557,171,1,0.901041666667
1649,1591,58,1,0.964827167981
1640,1594,46,1,0.971951219512
1776,1581,195,1,0.890202702703
1656,1579,77,1,0.953502415459
803,2,801,2,0.997509339975
851,33,818,2,0.961222091657
946,46,900,2,0.951374207188
1566,1545,21,1,0.986590038314
1576,1571,5,1,0.996827411168
936,19,917,2,0.979700854701
1674,1566,108,1,0.935483870968
1634,1591,43,1,0.973684210526
1640,1540,100,1,0.939024390244
1582,1482,100,1,0.936788874842
1647,1604,43,1,0.973891924712
812,0,812,2,1.0
1710,1624,86,1,0.949707602339
1644,1610,34,1,0.979318734793
1628,1587,41,1,0.974815724816
879,38,841,2,0.956769055745
1629,1580,49,1,0.96992019644
1671,1541,130,1,0.922202274087
1641,1514,127,1,0.922608165753
915,40,875,2,0.956284153005
830,0,830,2,1.0
1761,1592,169,1,0.904031800114
1577,1542,35,1,0.977805960685
1577,1577,0,1,1.0
1588,1588,0,1,1.0
1694,1627,67,1,0.960448642267
1607,1540,67,1,0.958307405103
1708,1558,150,2,0.0878220140515
1646,1595,51,1,0.969015795869
1800,1576,224,1,0.875555555556
1667,1571,96,1,0.942411517696
1629,1629,0,2,0.0
1075,56,1019,2,0.947906976744
1630,1586,44,1,0.973006134969
1585,1579,6,1,0.996214511041
1689,1689,0,2,0.0
1008,117,891,2,0.883928571429
1559,1544,15,1,0.990378447723
1702,1631,71,2,0.0417156286722
1645,1596,49,1,0.970212765957
895,2,893,2,0.997765363128
1585,1585,0,1,1.0
1637,1535,102,1,0.937690897984
1546,1540,6,1,0.996119016818
878,5,873,2,0.99430523918
1682,1593,89,1,0.947086801427
878,56,822,2,0.936218678815
930,169,761,2,0.818279569892
1531,1515,16,1,0.989549314174
830,5,825,2,0.993975903614
1632,1551,81,1,0.950367647059
1630,1627,3,1,0.998159509202
1588,1516,72,1,0.954659949622
1638,1585,53,1,0.967643467643
1664,1552,112,1,0.932692307692
1584,1559,25,1,0.984217171717
1563,1541,22,2,0.0140754958413
787,5,782,2,0.993646759848
1240,760,480,2,0.387096774194
789,1,788,2,0.998732572877
1278,901,377,2,0.294992175274
1562,1552,10,1,0.993597951344
1718,1551,167,1,0.902793946449
1120,318,802,2,0.716071428571
1895,1635,260,1,0.862796833773
1646,1646,0,1,1.0
1006,213,793,2,0.788270377734
1130,254,876,2,0.775221238938
998,0,998,2,1.0
1677,1563,114,1,0.932021466905
947,0,947,2,1.0
795,0,795,2,1.0
987,95,892,2,0.903748733536
882,11,871,2,0.987528344671
1613,1575,38,1,0.976441413515
1604,1583,21,1,0.986907730673
1640,1624,16,2,0.00975609756098
1620,1612,8,1,0.995061728395
1551,1487,64,1,0.958736299162
1571,1539,32,1,0.979630808402
1615,1545,70,1,0.956656346749
1358,901,457,2,0.336524300442
1766,1591,175,1,0.900906002265
1638,1492,146,1,0.910866910867
887,37,850,2,0.958286358512
1554,1485,69,1,0.955598455598
1804,1529,275,1,0.84756097561
1649,1632,17,1,0.989690721649
812,30,782,2,0.963054187192
1638,1622,16,1,0.990231990232
1641,1572,69,1,0.957952468007
816,11,805,2,0.986519607843
1706,1616,90,1,0.947245017585
1671,1525,146,1,0.91262716936
847,7,840,2,0.99173553719
1694,1544,150,1,0.911452184179
1584,1516,68,1,0.957070707071
1620,1577,43,1,0.973456790123
1592,1574,18,1,0.988693467337
1538,1509,29,1,0.981144343303
1030,385,645,2,0.626213592233
1607,1506,101,1,0.937149968886
927,2,925,2,0.997842502697
1809,1632,177,1,0.902155887231
924,4,920,2,0.995670995671
1635,1590,45,1,0.97247706422
1690,1564,126,1,0.925443786982
1375,677,698,2,0.507636363636
705,1,704,2,0.998581560284
710,9,701,2,0.987323943662
1653,1570,83,1,0.949788263763
1536,1531,5,2,0.00325520833333
1622,1622,0,2,0.0
1807,1587,220,2,0.121748754842
987,314,673,2,0.681864235056
1589,1565,24,1,0.984896161108
797,0,797,2,1.0
982,50,932,2,0.949083503055
886,4,882,2,0.995485327314
1709,1611,98,1,0.942656524283
1022,133,889,2,0.869863013699
1465,1464,1,1,0.999317406143
800,37,763,2,0.95375
1547,1547,0,1,1.0
1813,1670,143,2,0.0788747931605
1621,1571,50,1,0.96915484269
1563,1527,36,1,0.976967370441
1590,1585,5,1,0.996855345912
1761,1552,209,1,0.881317433277
1649,1568,81,1,0.9508793208
1750,1750,0,2,0.0
1604,1580,24,1,0.985037406484
1646,1567,79,2,0.0479951397327
1526,1526,0,1,1.0
1396,878,518,2,0.37106017192
1567,1549,18,1,0.988513082323
1744,1624,120,2,0.0688073394495
1663,1650,13,2,0.00781719783524
818,11,807,2,0.986552567237
841,130,711,2,0.845422116528
1822,1645,177,1,0.902854006586
1750,1582,168,1,0.904
1645,1608,37,2,0.0224924012158
1668,1519,149,2,0.0893285371703
1606,1594,12,1,0.992528019925
1042,72,970,2,0.930902111324
774,0,774,2,1.0
1115,252,863,2,0.77399103139
1748,1594,154,1,0.911899313501
1122,350,772,2,0.688057040998
807,6,801,2,0.992565055762
1653,1455,198,2,0.119782214156
866,4,862,2,0.995381062356
853,25,828,2,0.970691676436
1626,1468,158,1,0.90282902829
1577,1527,50,2,0.0317057704502
1625,1555,70,1,0.956923076923
1648,1554,94,1,0.942961165049
1625,1504,121,1,0.925538461538
817,0,817,2,1.0
1725,1587,138,2,0.08
1571,1571,0,1,1.0
1697,1529,168,1,0.901001767826
1648,1606,42,1,0.974514563107
1548,1545,3,1,0.998062015504
1854,1604,250,1,0.865156418554
813,48,765,2,0.940959409594
1659,1596,63,1,0.962025316456
841,24,817,2,0.97146254459
1588,1529,59,1,0.962846347607
1702,1629,73,1,0.957109283196
1516,693,823,2,0.542875989446
1614,1584,30,1,0.981412639405
1770,1601,169,1,0.904519774011
701,0,701,2,1.0
900,48,852,2,0.946666666667
1620,1569,51,1,0.968518518519
1735,1597,138,1,0.920461095101
1528,1528,0,2,0.0
1636,1549,87,1,0.946821515892
1600,1568,32,2,0.02
1423,516,907,2,0.637385804638
1682,1682,0,2,0.0
914,221,693,2,0.758205689278
1671,1553,118,1,0.929383602633
1542,1503,39,1,0.974708171206
1767,1578,189,1,0.893039049236
1722,1594,128,1,0.925667828107
1710,1585,125,1,0.926900584795
1610,1570,40,1,0.975155279503
1707,1594,113,1,0.933801991798
1567,1506,61,1,0.961072112317
1744,1643,101,1,0.942087155963
1690,1596,94,2,0.0556213017751
873,20,853,2,0.977090492554
881,2,879,2,0.99772985244
962,164,798,2,0.829521829522
1576,1570,6,1,0.996192893401
1682,1593,89,1,0.947086801427
1505,1500,5,1,0.996677740864
1778,1594,184,1,0.896512935883
1491,1491,0,1,1.0
1053,145,908,2,0.862298195632
1704,1592,112,1,0.934272300469
1691,1531,160,1,0.905381431106
1634,1598,36,1,0.977968176255
1680,1550,130,1,0.922619047619
775,0,775,2,1.0
1632,1564,68,1,0.958333333333
1666,1527,139,1,0.916566626651
1755,1638,117,1,0.933333333333
1758,1619,139,2,0.0790671217292
1645,1540,105,1,0.936170212766
1556,1484,72,1,0.953727506427
1602,1553,49,1,0.969413233458
1676,1549,127,1,0.924224343675
953,0,953,2,1.0
860,0,860,2,1.0
1119,587,532,2,0.475424486148
1891,1554,337,2,0.178212585933
1710,1584,126,1,0.926315789474
794,13,781,2,0.98362720403
1669,1599,70,2,0.0419412822049
1602,1561,41,1,0.974406991261
969,112,857,2,0.884416924665
1704,1698,6,2,0.00352112676056
860,10,850,2,0.988372093023
859,2,857,2,0.997671711292
1696,1696,0,2,0.0
1675,1624,51,1,0.969552238806
875,3,872,2,0.996571428571
795,15,780,2,0.981132075472
1712,1709,3,2,0.0017523364486
1612,1563,49,1,0.969602977667
1658,1555,103,1,0.937876960193
1579,1540,39,1,0.975300823306
1180,534,646,2,0.547457627119
1577,1527,50,1,0.96829422955
1610,1564,46,1,0.971428571429
1659,1617,42,1,0.974683544304
1676,1564,112,1,0.933174224344
1581,1572,9,1,0.99430740038
1652,1646,6,1,0.996368038741
1530,1521,9,1,0.994117647059
869,24,845,2,0.972382048331
1592,1522,70,1,0.956030150754
1623,1555,68,1,0.958102279729
1716,1579,137,1,0.920163170163
868,0,868,2,1.0
1673,1610,63,1,0.962343096234
1704,1569,135,2,0.0792253521127
1579,1536,43,1,0.972767574414
1805,1641,164,1,0.909141274238
1563,1544,19,1,0.987843889955
1157,552,605,2,0.52290406223
1740,1740,0,2,0.0
1661,1574,87,1,0.947621914509
857,120,737,2,0.859976662777
1718,1556,162,1,0.905704307334
829,20,809,2,0.975874547648
1666,1591,75,1,0.954981992797
1748,1569,179,1,0.897597254005
1636,1584,52,1,0.968215158924
1683,1595,88,1,0.947712418301
1409,880,529,2,0.375443577005
1614,1568,46,1,0.971499380421
1602,1602,0,1,1.0
1529,1172,357,2,0.233485938522
1593,1534,59,1,0.962962962963
1324,743,581,2,0.438821752266
906,153,753,2,0.831125827815
1675,1518,157,1,0.906268656716
1688,1586,102,1,0.939573459716
1495,1478,17,1,0.988628762542
840,7,833,2,0.991666666667
819,17,802,2,0.979242979243
1654,1535,119,1,0.928053204353
870,1,869,2,0.998850574713
1611,1539,72,2,0.0446927374302
1603,1557,46,1,0.971303805365
891,21,870,2,0.976430976431
1750,1612,138,1,0.921142857143
1444,672,772,2,0.534626038781
1734,1600,134,1,0.922722029988
1581,1581,0,1,1.0
1611,1610,1,1,0.999379267536
1626,1582,44,1,0.972939729397
1125,716,409,2,0.363555555556
1563,1558,5,1,0.996801023672
1686,1658,28,1,0.983392645314
1053,326,727,2,0.690408357075
1759,1596,163,1,0.907333712337
1599,1590,9,1,0.994371482176
826,4,822,2,0.995157384988
1737,1623,114,1,0.934369602763
1635,1547,88,1,0.946177370031
1680,1569,111,1,0.933928571429
858,5,853,2,0.994172494172
1040,262,778,2,0.748076923077
1658,1601,57,1,0.965621230398
1603,1568,35,1,0.978165938865
1587,1538,49,1,0.969124133585
1616,1611,5,1,0.996905940594
1560,1538,22,1,0.985897435897
1732,1618,114,2,0.0658198614319
826,1,825,2,0.998789346247
1646,1630,16,1,0.990279465371
1600,1600,0,1,1.0
850,14,836,2,0.983529411765
1613,1613,0,1,1.0
1575,1564,11,2,0.00698412698413
1635,1577,58,1,0.964525993884
1589,1582,7,1,0.995594713656
1670,1606,64,1,0.961676646707
841,1,840,2,0.998810939358
1601,1537,64,1,0.960024984385
862,66,796,2,0.92343387471
1604,1604,0,1,1.0
759,2,757,2,0.997364953887
944,108,836,2,0.885593220339
1575,1565,10,2,0.00634920634921
1710,1575,135,1,0.921052631579
915,0,915,2,1.0
883,45,838,2,0.949037372593
1687,1537,150,2,0.0889152341434
727,0,727,2,1.0
1562,1544,18,1,0.98847631242
1717,1583,134,1,0.921956901573
855,7,848,2,0.991812865497
1635,1550,85,2,0.0519877675841
1719,1606,113,1,0.934264107039
1632,1559,73,2,0.0447303921569
1734,1590,144,1,0.916955017301
1671,1589,82,1,0.95092758827
1579,1579,0,1,1.0
884,30,854,2,0.966063348416
853,52,801,2,0.939038686987
1668,1603,65,1,0.96103117506
956,25,931,2,0.973849372385
1726,1575,151,1,0.912514484357
1593,1535,58,1,0.963590709353
1545,1538,7,1,0.995469255663
1691,1603,88,1,0.947959787108
923,48,875,2,0.947995666306
888,6,882,2,0.993243243243
1710,1639,71,1,0.958479532164
1685,1603,82,1,0.951335311573
1726,1576,150,2,0.0869061413673
888,1,887,2,0.998873873874
1810,1810,0,2,0.0
959,70,889,2,0.92700729927
1762,1762,0,2,0.0
1628,1567,61,1,0.962530712531
890,0,890,2,1.0
1721,1721,0,2,0.0
1731,1731,0,2,0.0
1672,1494,178,1,0.893540669856
1602,1544,58,1,0.96379525593
854,44,810,2,0.948477751756
1153,577,576,2,0.499566348656
1732,1732,0,2,0.0
1562,1553,9,1,0.99423815621
849,75,774,2,0.911660777385
1589,1569,20,1,0.98741346759
1652,1599,53,2,0.0320823244552
887,57,830,2,0.935738444194
978,198,780,2,0.79754601227
1744,1672,72,1,0.95871559633
946,8,938,2,0.991543340381
1824,1662,162,1,0.911184210526
963,69,894,2,0.928348909657
810,1,809,2,0.998765432099
927,18,909,2,0.980582524272
884,0,884,2,1.0
1573,1549,24,1,0.984742530197
1639,1346,293,2,0.178767541184
1605,1561,44,1,0.972585669782
1712,1668,44,1,0.974299065421
1649,1572,77,2,0.0466949666465
771,0,771,2,1.0
932,244,688,2,0.738197424893
1687,1559,128,1,0.924125666864
1614,1566,48,1,0.970260223048
1669,1580,89,1,0.946674655482
1678,1567,111,1,0.933849821216
844,0,844,2,1.0
1727,1656,71,1,0.958888245512
1548,1452,96,1,0.937984496124
949,62,887,2,0.934668071654
816,11,805,2,0.986519607843
1623,1563,60,1,0.96303142329
1677,1559,118,1,0.929636255218
707,0,707,2,1.0
1455,907,548,2,0.376632302405
1712,1560,152,2,0.088785046729
797,20,777,2,0.974905897114
1669,1517,152,1,0.908927501498
1743,1618,125,2,0.0717154331612
911,2,909,2,0.997804610318
1750,1410,340,2,0.194285714286
1620,1544,76,1,0.953086419753
959,53,906,2,0.944734098019
1667,1524,143,1,0.914217156569
1736,1736,0,2,0.0
1624,1571,53,1,0.96736453202
1635,1555,80,1,0.951070336391
1706,1603,103,2,0.0603751465416
1066,121,945,2,0.886491557223
1585,1525,60,1,0.96214511041
1602,1542,60,1,0.962546816479
1588,1577,11,1,0.993073047859
1190,665,525,2,0.441176470588
843,10,833,2,0.988137603796
1616,1532,84,1,0.94801980198
1579,1579,0,1,1.0
794,6,788,2,0.992443324937
1162,582,580,2,0.499139414802
981,27,954,2,0.97247706422
825,1,824,2,0.998787878788
838,17,821,2,0.979713603819
954,7,947,2,0.992662473795
1548,1548,0,1,1.0
1665,1571,94,1,0.943543543544
1624,1473,151,2,0.0929802955665
1564,1524,40,1,0.97442455243
886,5,881,2,0.994356659142
1549,1485,64,1,0.958683021304
1644,1518,126,1,0.923357664234
1687,1173,514,2,0.304682868998
1468,1262,206,2,0.140326975477
961,83,878,2,0.913631633715
1591,1575,16,1,0.989943431804
759,1,758,2,0.998682476943
1713,1713,0,2,0.0
1652,1557,95,1,0.942493946731
1652,1555,97,2,0.0587167070218
895,81,814,2,0.909497206704
1619,1529,90,1,0.94441012971
1692,1586,106,1,0.937352245863
1711,1614,97,1,0.943308007013
883,13,870,2,0.985277463194
1535,1510,25,1,0.983713355049
1745,1649,96,1,0.944985673352
931,23,908,2,0.97529538131
1662,1579,83,1,0.950060168472
1590,1559,31,1,0.980503144654
1626,1549,77,1,0.952644526445
1089,441,648,2,0.595041322314
1516,1034,482,2,0.317941952507
1577,1570,7,1,0.995561192137
1518,1518,0,1,1.0
904,9,895,2,0.990044247788
1401,805,596,2,0.425410421128
902,0,902,2,1.0
1548,1479,69,1,0.955426356589
1757,1586,171,1,0.902675014229
828,0,828,2,1.0
1829,1641,188,1,0.897211591033
1619,1607,12,2,0.00741198270537
858,24,834,2,0.972027972028
1576,1571,5,1,0.996827411168
812,0,812,2,1.0
881,85,796,2,0.903518728717
944,1,943,2,0.998940677966
1534,1506,28,1,0.981747066493
1595,1569,26,1,0.983699059561
1643,1606,37,1,0.977480219111
890,0,890,2,1.0
1649,1596,53,1,0.967859308672
1792,1654,138,1,0.922991071429
1426,666,760,2,0.532959326788
946,8,938,2,0.991543340381
842,2,840,2,0.997624703088
1651,1651,0,1,1.0
1488,579,909,2,0.610887096774
1675,1660,15,2,0.0089552238806
809,9,800,2,0.988875154512
1560,1560,0,2,0.0
1054,293,761,2,0.722011385199
820,2,818,2,0.99756097561
1731,1653,78,2,0.0450606585789
1717,1547,170,1,0.90099009901
1530,1503,27,1,0.982352941176
1722,1665,57,1,0.966898954704
1594,1572,22,1,0.986198243413
1853,1674,179,1,0.903399892067
862,1,861,2,0.998839907193
1541,1528,13,1,0.991563919533
1929,1602,327,1,0.830482115086
1787,1576,211,1,0.88192501399
1741,1544,197,1,0.886846639862
1805,1592,213,2,0.118005540166
1608,1585,23,1,0.985696517413
1159,469,690,2,0.595340811044
885,145,740,2,0.83615819209
1537,1494,43,1,0.972023422251
1079,371,708,2,0.656163113994
1693,1615,78,1,0.953927938571
1596,1550,46,1,0.971177944862
1637,1559,78,1,0.952351863164
1575,1558,17,1,0.989206349206
1671,1526,145,1,0.913225613405
1701,1554,147,2,0.0864197530864
1646,1631,15,1,0.990886998785
1761,1761,0,2,0.0
1634,1377,257,2,0.157282741738
1788,1434,354,2,0.197986577181
889,59,830,2,0.933633295838
852,100,752,2,0.882629107981
1598,1495,103,1,0.935544430538
1654,1600,54,1,0.967351874244
1611,1575,36,1,0.977653631285
800,2,798,2,0.9975
1565,1562,3,2,0.00191693290735
1620,1563,57,2,0.0351851851852
1559,1551,8,1,0.994868505452
789,0,789,2,1.0
875,1,874,2,0.998857142857
1585,1534,51,1,0.967823343849
816,2,814,2,0.997549019608
1643,1548,95,1,0.942178940962
1698,1605,93,1,0.945229681979
1683,1652,31,2,0.0184194890077
850,1,849,2,0.998823529412
1628,1539,89,1,0.945331695332
1050,233,817,2,0.778095238095
859,0,859,2,1.0
1602,1599,3,1,0.998127340824
797,13,784,2,0.983688833124
1643,1604,39,2,0.0237370663421
1724,1578,146,1,0.915313225058
880,0,880,2,1.0
1669,1533,136,1,0.918514080288
1644,1428,216,2,0.131386861314
1802,1696,106,1,0.941176470588
1675,1561,114,2,0.0680597014925
1216,531,685,2,0.563322368421
1620,1603,17,1,0.98950617284
924,99,825,2,0.892857142857
1557,1528,29,1,0.981374438022
1550,1528,22,1,0.985806451613
1636,1589,47,1,0.971271393643
916,92,824,2,0.899563318777
1543,1526,17,2,0.0110174983798
1629,1120,509,2,0.312461632904
1758,1643,115,1,0.934584755404
1287,779,508,2,0.394716394716
1844,1591,253,1,0.862798264642
820,0,820,2,1.0
895,27,868,2,0.969832402235
843,0,843,2,1.0
846,0,846,2,1.0
1499,1484,15,1,0.989993328886
1505,916,589,2,0.391362126246
1674,1534,140,1,0.916367980884
1587,1574,13,1,0.991808443604
1684,1592,92,1,0.945368171021
1762,1561,201,1,0.885925085131
1647,1645,2,1,0.998785670917
1714,1581,133,1,0.922403733956
1553,1538,15,1,0.990341274952
1790,1637,153,1,0.914525139665
1617,1569,48,1,0.970315398887
1745,1559,186,2,0.10659025788
1625,1553,72,2,0.0443076923077
926,1,925,2,0.998920086393
1558,1502,56,1,0.96405648267
1621,1503,118,2,0.0727945712523
1652,1610,42,2,0.0254237288136
1737,1617,120,1,0.93091537133
1778,1507,271,2,0.152418447694
849,0,849,2,1.0
1662,1599,63,1,0.962093862816
1705,1604,101,1,0.940762463343
1670,1550,120,2,0.0718562874251
920,74,846,2,0.919565217391
1002,30,972,2,0.97005988024
1649,1527,122,1,0.926015767132
801,0,801,2,1.0
1168,417,751,2,0.642979452055
1624,1563,61,1,0.962438423645
855,4,851,2,0.995321637427
902,0,902,2,1.0
1714,1584,130,1,0.924154025671
1474,1460,14,1,0.990502035278
1624,1575,49,1,0.969827586207
1637,1577,60,1,0.963347587049
1652,1432,220,2,0.133171912833
835,0,835,2,1.0
856,6,850,2,0.992990654206
1793,1606,187,1,0.895705521472
861,58,803,2,0.932636469222
1641,1641,0,2,0.0
1651,1635,16,1,0.990308903695
839,0,839,2,1.0
1687,1631,56,2,0.0331950207469
1598,1598,0,1,1.0
851,0,851,2,1.0
1699,1581,118,1,0.930547380812
1731,1560,171,1,0.901213171577
1642,1568,74,1,0.954933008526
971,46,925,2,0.952626158599
1611,1564,47,1,0.970825574178
847,1,846,2,0.998819362456
846,1,845,2,0.998817966903
1676,1658,18,1,0.989260143198
1545,1512,33,1,0.978640776699
895,29,866,2,0.967597765363
1679,1536,143,1,0.914830256105
1655,1607,48,1,0.970996978852
1602,1600,2,1,0.998751560549
770,0,770,2,1.0
1577,1567,10,1,0.99365884591
904,37,867,2,0.95907079646
790,19,771,2,0.975949367089
782,9,773,2,0.988491048593
1563,1554,9,1,0.99424184261
1599,1519,80,1,0.949968730457
1664,1575,89,1,0.946514423077
900,0,900,2,1.0
1339,681,658,2,0.49141150112
968,129,839,2,0.86673553719
812,175,637,2,0.784482758621
1766,1766,0,2,0.0
1498,1489,9,1,0.993991989319
1638,1500,138,1,0.915750915751
968,149,819,2,0.846074380165
1664,1587,77,1,0.953725961538
1526,1512,14,1,0.990825688073
1623,1479,144,1,0.911275415896
808,28,780,2,0.965346534653
925,57,868,2,0.938378378378
1651,1646,5,1,0.996971532405
842,28,814,2,0.96674584323
1510,1506,4,1,0.997350993377
1706,1550,156,1,0.908558030481
1673,1560,113,1,0.932456664674
1517,1517,0,1,1.0
1697,1579,118,1,0.930465527401
901,2,899,2,0.997780244173
1630,1606,24,1,0.98527607362
1382,1085,297,2,0.21490593343
878,37,841,2,0.957858769932
1718,1626,92,2,0.0535506402794
1613,1066,547,2,0.339119652821
1674,1607,67,1,0.959976105137
1754,1544,210,2,0.119726339795
1594,1537,57,1,0.964240903388
978,166,812,2,0.830265848671
1575,1543,32,1,0.979682539683
1785,1785,0,2,0.0
1758,1655,103,1,0.94141069397
1590,1504,86,2,0.0540880503145
1619,1571,48,2,0.0296479308215
1585,1550,35,2,0.0220820189274
910,40,870,2,0.956043956044
1694,1642,52,1,0.969303423849
1265,403,862,2,0.681422924901
1683,1455,228,2,0.135472370766
1676,1555,121,2,0.0721957040573
1667,1574,93,2,0.0557888422316
1584,1584,0,1,1.0
867,3,864,2,0.996539792388
1699,1574,125,1,0.926427310182
1681,1583,98,2,0.0582986317668
1615,1583,32,1,0.980185758514
1561,1553,8,1,0.994875080077
1771,1618,153,1,0.913608130999
1667,1458,209,2,0.125374925015
1828,1565,263,1,0.856126914661
1579,1514,65,1,0.95883470551
1564,1542,22,2,0.0140664961637
1655,1552,103,1,0.937764350453
1663,1440,223,2,0.13409500902
1628,1557,71,1,0.956388206388
1639,1549,90,1,0.945088468578
1583,1583,0,1,1.0
1630,1575,55,2,0.0337423312883
1641,1605,36,1,0.978062157221
1707,1679,28,2,0.01640304628
886,12,874,2,0.986455981941
1724,1591,133,1,0.922853828306
1695,1572,123,1,0.927433628319
1813,1608,205,1,0.886927744071
1638,1617,21,1,0.987179487179
848,34,814,2,0.959905660377
1814,1563,251,1,0.861631753032
829,0,829,2,1.0
1770,1521,249,2,0.140677966102
925,217,708,2,0.765405405405
1184,533,651,2,0.549831081081
1734,1658,76,1,0.956170703576
895,1,894,2,0.998882681564
1629,1584,45,2,0.0276243093923
1702,1618,84,1,0.950646298472
895,55,840,2,0.938547486034
780,2,778,2,0.997435897436
1658,1588,70,1,0.957780458384
1535,1528,7,1,0.995439739414
913,0,913,2,1.0
1562,1519,43,1,0.972471190781
1691,1565,126,1,0.925487876996
1057,108,949,2,0.897824030274
871,23,848,2,0.973593570608
1656,1577,79,1,0.95229468599
1587,1539,48,1,0.969754253308
937,81,856,2,0.913553895411
1561,1538,23,1,0.985265855221
982,28,954,2,0.971486761711
1549,1515,34,1,0.978050355068
920,25,895,2,0.972826086957
1715,1648,67,1,0.960932944606
1650,1634,16,1,0.990303030303
1528,1475,53,1,0.965314136126
1608,1545,63,1,0.960820895522
1575,1508,67,1,0.95746031746
1590,1571,19,1,0.988050314465
1658,1508,150,1,0.909529553679
1588,1573,15,1,0.990554156171
1685,1603,82,1,0.951335311573
785,2,783,2,0.997452229299
1581,1356,225,2,0.142314990512
1547,1539,8,1,0.994828700711
907,115,792,2,0.873208379272
1682,1557,125,1,0.925683709869
1708,1708,0,2,0.0
1613,1529,84,1,0.947923124613
961,57,904,2,0.940686784599
1607,1550,57,1,0.96453018046
1670,1505,165,2,0.0988023952096
1647,1552,95,1,0.942319368549
1796,1609,187,2,0.104120267261
1589,1512,77,1,0.95154185022
1723,1629,94,1,0.945443993035
902,9,893,2,0.990022172949
1452,1130,322,2,0.221763085399
1517,1471,46,1,0.969676994067
1596,1580,16,2,0.0100250626566
1626,1538,88,1,0.945879458795
1109,175,934,2,0.842200180343
1616,1247,369,2,0.228341584158
854,1,853,2,0.998829039813
1617,1503,114,2,0.0705009276438
1778,1395,383,2,0.215410573678
1747,1640,107,1,0.938752146537
855,10,845,2,0.988304093567
1750,1507,243,2,0.138857142857
1635,1556,79,1,0.951681957187
1689,1621,68,2,0.040260509177
1626,1624,2,2,0.00123001230012
898,27,871,2,0.969933184855
1671,1583,88,1,0.947336923998
1745,1745,0,2,0.0
913,0,913,2,1.0
1597,1580,17,1,0.989355040701
1681,1638,43,1,0.974419988102
884,55,829,2,0.93778280543
1115,389,726,2,0.651121076233
1164,312,852,2,0.731958762887
1622,1505,117,1,0.927866831073
894,27,867,2,0.969798657718
1523,1495,28,1,0.981615233093
1573,1518,55,1,0.965034965035
1772,1634,138,1,0.922121896163
1624,1583,41,1,0.974753694581
839,23,816,2,0.972586412396
1075,366,709,2,0.659534883721
881,62,819,2,0.929625425653
805,6,799,2,0.992546583851
1654,1389,265,2,0.160217654172
815,90,725,2,0.889570552147
1676,1629,47,2,0.0280429594272
1792,1609,183,1,0.897879464286
1577,1490,87,1,0.944831959417
1692,1570,122,1,0.927895981087
1523,1521,2,1,0.998686802364
835,2,833,2,0.997604790419
1520,1491,29,1,0.980921052632
1755,1549,206,1,0.882621082621
1938,1578,360,2,0.185758513932
1795,1642,153,1,0.914763231198
1697,1589,108,1,0.936358279316
939,80,859,2,0.914802981896
1587,1493,94,1,0.940768746062
1588,1588,0,1,1.0
1712,1542,170,2,0.0992990654206
934,10,924,2,0.989293361884
1046,385,661,2,0.631931166348
1650,1619,31,1,0.981212121212
911,31,880,2,0.965971459934
1622,1513,109,1,0.932799013564
1667,1571,96,1,0.942411517696
1519,1518,1,1,0.999341672153
1621,1598,23,1,0.985811227637
1719,1719,0,2,0.0
1694,1573,121,1,0.928571428571
1803,1607,196,1,0.891292290627
925,26,899,2,0.971891891892
1558,1516,42,1,0.973042362003
1744,1744,0,2,0.0
1709,1568,141,1,0.917495611469
1730,1605,125,2,0.0722543352601
1695,1608,87,1,0.948672566372
738,0,738,2,1.0
997,95,902,2,0.904714142427
1759,1622,137,2,0.0778851620239
1884,1611,273,2,0.144904458599
1582,1435,147,2,0.0929203539823
906,110,796,2,0.878587196468
944,0,944,2,1.0
1665,1527,138,1,0.917117117117
1098,441,657,2,0.598360655738
1517,1516,1,1,0.999340804219
812,4,808,2,0.995073891626
1652,1580,72,1,0.956416464891
1141,395,746,2,0.653812445223
1741,1704,37,2,0.0212521539345
1670,1572,98,1,0.941317365269
1732,1732,0,2,0.0
1621,1563,58,1,0.96421961752
1820,1653,167,1,0.908241758242
863,7,856,2,0.991888760139
1584,1532,52,2,0.0328282828283
1641,1572,69,1,0.957952468007
880,22,858,2,0.975
1627,1576,51,1,0.968653964352
1771,1485,286,2,0.16149068323
1702,1610,92,1,0.945945945946
1634,1584,50,1,0.969400244798
1116,623,493,2,0.441756272401
1550,1534,16,1,0.989677419355
1000,326,674,2,0.674
883,0,883,2,1.0
1608,1555,53,1,0.967039800995
1601,1536,65,1,0.959400374766
874,95,779,2,0.891304347826
1541,1490,51,2,0.0330953926022
1657,1627,30,2,0.0181050090525
1596,1596,0,1,1.0
1565,1535,30,2,0.0191693290735
1630,1595,35,1,0.978527607362
1598,1581,17,1,0.989361702128
961,0,961,2,1.0
1575,1552,23,1,0.985396825397
1555,1555,0,1,1.0
1674,1626,48,1,0.971326164875
1776,1099,677,2,0.381193693694
918,3,915,2,0.996732026144
1688,1613,75,1,0.955568720379
1691,1639,52,1,0.969248965109
744,1,743,2,0.998655913978
1149,446,703,2,0.61183637946
865,0,865,2,1.0
1636,1552,84,1,0.948655256724
1187,502,685,2,0.577085088458
952,116,836,2,0.878151260504
895,135,760,2,0.849162011173
1605,1586,19,1,0.988161993769
1605,1584,21,1,0.98691588785
1520,1520,0,1,1.0
1694,1630,64,2,0.0377804014168
1589,1532,57,1,0.964128382631
1641,1592,49,1,0.97014015844
1554,1520,34,1,0.978120978121
1669,1589,80,1,0.952067106052
853,1,852,2,0.998827667057
1586,1554,32,1,0.979823455233
1653,1642,11,1,0.993345432547
1584,1572,12,2,0.00757575757576
1729,1626,103,1,0.94042799306
893,94,799,2,0.894736842105
1812,1583,229,1,0.873620309051
1574,1571,3,1,0.998094027954
842,8,834,2,0.990498812352
1665,1578,87,2,0.0522522522523
1876,1697,179,2,0.0954157782516
1635,1581,54,1,0.966972477064
1483,1480,3,1,0.9979770735
1687,1547,140,2,0.0829875518672
1643,1642,1,1,0.999391357273
861,14,847,2,0.983739837398
1619,1545,74,1,0.954292773317
1600,1545,55,1,0.965625
913,0,913,2,1.0
1594,1546,48,1,0.969887076537
1756,1595,161,1,0.908314350797
1185,289,896,2,0.75611814346
1675,1559,116,1,0.930746268657
814,25,789,2,0.969287469287
1782,1591,191,1,0.892817059484
1694,1583,111,1,0.934474616293
937,96,841,2,0.897545357524
1365,476,889,2,0.651282051282
917,63,854,2,0.931297709924
1052,25,1027,2,0.976235741445
1711,1613,98,1,0.942723553477
886,7,879,2,0.992099322799
786,8,778,2,0.989821882952
1689,1508,181,2,0.107164002368
1302,840,462,2,0.354838709677
1612,1570,42,1,0.973945409429
1690,1599,91,1,0.946153846154
1646,1559,87,1,0.947144592953
1818,1818,0,2,0.0
830,11,819,2,0.986746987952
1586,1551,35,1,0.977931904161
955,215,740,2,0.774869109948
1761,1576,185,1,0.894946053379
1515,734,781,2,0.515511551155
827,11,816,2,0.986698911729
1598,1562,36,1,0.9774718398
1637,1570,67,2,0.0409285277947
1139,433,706,2,0.619841966637
1626,1575,51,1,0.968634686347
930,23,907,2,0.975268817204
1654,1618,36,1,0.97823458283
1732,1579,153,1,0.911662817552
1663,1542,121,1,0.927239927841
1744,1624,120,1,0.93119266055
861,13,848,2,0.984901277584
1696,1583,113,1,0.933372641509
1703,1608,95,1,0.944216089254
1646,1585,61,2,0.0370595382746
1685,1610,75,1,0.955489614243
925,21,904,2,0.977297297297
851,7,844,2,0.991774383079
1625,1580,45,1,0.972307692308
1576,1563,13,1,0.991751269036
1796,1584,212,1,0.881959910913
889,9,880,2,0.989876265467
1585,1577,8,1,0.994952681388
1599,1574,25,1,0.984365228268
961,86,875,2,0.910509885536
1759,1520,239,1,0.864127345082
1567,1567,0,1,1.0
1670,1550,120,1,0.928143712575
907,167,740,2,0.815876515987
874,7,867,2,0.991990846682
806,0,806,2,1.0
1692,1621,71,1,0.958037825059
1633,1534,99,2,0.0606246172688
1657,1602,55,1,0.966807483404
1703,963,740,2,0.434527304756
784,1,783,2,0.998724489796
780,3,777,2,0.996153846154
1602,1527,75,1,0.953183520599
1642,1556,86,1,0.947624847747
732,0,732,2,1.0
842,0,842,2,1.0
1562,1554,8,1,0.994878361076
1648,1607,41,1,0.975121359223
1702,1572,130,2,0.0763807285546
1698,1535,163,1,0.904004711425
1839,1642,197,1,0.89287656335
1681,1661,20,1,0.988102320048
916,126,790,2,0.862445414847
1680,1593,87,1,0.948214285714
851,0,851,2,1.0
1605,1601,4,1,0.997507788162
835,28,807,2,0.966467065868
807,2,805,2,0.997521685254
1671,1607,64,1,0.961699581089
984,245,739,2,0.751016260163
1627,1615,12,1,0.9926244622
1695,1614,81,1,0.952212389381
1152,252,900,2,0.78125
1756,1578,178,2,0.101366742597
1587,1547,40,1,0.97479521109
841,80,761,2,0.904875148633
776,147,629,2,0.810567010309
1746,1592,154,1,0.911798396334
1161,295,866,2,0.745908699397
1672,1521,151,2,0.0903110047847
771,8,763,2,0.98962386511
1642,1572,70,1,0.957369062119
1568,1544,24,1,0.984693877551
954,231,723,2,0.75786163522
1610,1594,16,1,0.990062111801
1632,1611,21,1,0.987132352941
875,18,857,2,0.979428571429
1648,1553,95,1,0.942354368932
1588,1540,48,2,0.0302267002519
835,22,813,2,0.973652694611
1725,1725,0,2,0.0
1692,1588,104,2,0.0614657210402
1590,1563,27,1,0.983018867925
1561,1530,31,1,0.980140935298
1620,1620,0,2,0.0
1881,1697,184,1,0.902179691653
780,2,778,2,0.997435897436
1671,1561,110,1,0.934171154997
1773,1609,164,2,0.0924985899605
859,25,834,2,0.970896391153
1837,1837,0,2,0.0
1476,1130,346,2,0.234417344173
951,16,935,2,0.983175604627
1578,1532,46,1,0.970849176172
1727,1643,84,1,0.95136074117
1450,754,696,2,0.48
1693,1641,52,1,0.96928529238
1591,1170,421,2,0.26461345066
1793,1792,1,2,0.000557724484105
1619,1387,232,2,0.143298332304
797,9,788,2,0.988707653701
794,0,794,2,1.0
878,3,875,2,0.996583143508
1033,316,717,2,0.694094869313
1598,1567,31,1,0.980600750939
1547,1334,213,2,0.137685843568
1536,1502,34,1,0.977864583333
828,1,827,2,0.998792270531
833,0,833,2,1.0
1583,1560,23,1,0.985470625395
1538,1521,17,1,0.988946684005
1509,1509,0,1,1.0
865,39,826,2,0.954913294798
1739,1544,195,1,0.887866589994
933,19,914,2,0.979635584137
1604,1582,22,1,0.986284289277
1752,1620,132,1,0.924657534247
1854,1584,270,2,0.145631067961
988,325,663,2,0.671052631579
1694,1606,88,2,0.0519480519481
818,2,816,2,0.997555012225
806,32,774,2,0.960297766749
765,0,765,2,1.0
1666,1611,55,1,0.966986794718
1554,1511,43,1,0.972329472329
1672,1672,0,2,0.0
1624,1514,110,1,0.932266009852
1699,1699,0,2,0.0
1685,1603,82,2,0.0486646884273
1661,1601,60,1,0.96387718242
954,208,746,2,0.781970649895
873,1,872,2,0.998854524628
1556,1304,252,2,0.161953727506
1620,1548,72,1,0.955555555556
1526,1526,0,1,1.0
1599,1537,62,1,0.961225766104
914,50,864,2,0.945295404814
1729,1568,161,1,0.906882591093
853,30,823,2,0.964830011723
1583,1533,50,2,0.0315855969678
1608,1582,26,1,0.983830845771
1614,1577,37,1,0.9770755886
862,1,861,2,0.998839907193
883,14,869,2,0.984144960362
931,0,931,2,1.0
1828,1623,205,1,0.887855579869
1583,1583,0,1,1.0
916,21,895,2,0.977074235808
760,0,760,2,1.0
1565,1549,16,1,0.989776357827
1890,1618,272,2,0.143915343915
1680,1562,118,1,0.929761904762
906,27,879,2,0.970198675497
1647,1642,5,1,0.996964177292
1711,1579,132,1,0.922852133255
1721,1531,190,1,0.889599070308
1799,1641,158,2,0.0878265703168
1720,1653,67,1,0.961046511628
1669,1541,128,1,0.923307369682
1557,1548,9,1,0.994219653179
1722,1634,88,1,0.948896631823
857,3,854,2,0.996499416569
802,0,802,2,1.0
1643,1588,55,1,0.96652465003
988,292,696,2,0.704453441296
1510,1475,35,1,0.976821192053
827,1,826,2,0.998790810157
1620,1587,33,1,0.97962962963
814,1,813,2,0.998771498771
1565,1565,0,1,1.0
1698,1596,102,1,0.939929328622
1645,1645,0,2,0.0
1606,1573,33,1,0.979452054795
1597,1588,9,1,0.994364433312
1744,1559,185,1,0.893922018349
1618,1579,39,1,0.975896168109
1574,1540,34,1,0.978398983482
1715,1595,120,1,0.930029154519
1658,1598,60,1,0.963811821472
1616,1540,76,1,0.95297029703
1491,1143,348,2,0.233400402414
1758,1610,148,2,0.0841865756542
1635,1502,133,1,0.918654434251
951,0,951,2,1.0
1634,1555,79,1,0.951652386781
862,1,861,2,0.998839907193
1766,1671,95,2,0.0537938844847
784,1,783,2,0.998724489796
1711,1578,133,1,0.922267679719
942,61,881,2,0.935244161359
1551,1544,7,1,0.995486782721
1684,1581,103,1,0.938836104513
1796,1617,179,1,0.900334075724
1755,1755,0,2,0.0
1607,1607,0,1,1.0
1648,1508,140,1,0.915048543689
1090,215,875,2,0.802752293578
1553,1514,39,1,0.974887314874
1594,1564,30,1,0.981179422836
1692,1676,16,2,0.00945626477541
1640,1510,130,1,0.920731707317
1749,1431,318,2,0.181818181818
868,1,867,2,0.998847926267
1748,1588,160,1,0.908466819222
931,1,930,2,0.998925886144
801,9,792,2,0.988764044944
1591,1535,56,1,0.964802011314
1633,1568,65,1,0.960195958359
991,119,872,2,0.879919273461
1617,1616,1,1,0.99938157081
1747,1649,98,2,0.056096164854
1033,322,711,2,0.688286544046
890,0,890,2,1.0
1715,1615,100,2,0.0583090379009
1579,1527,52,1,0.967067764408
1722,1722,0,2,0.0
838,3,835,2,0.996420047733
1808,1808,0,2,0.0
1875,1607,268,1,0.857066666667
1614,1614,0,1,1.0
1686,1534,152,2,0.0901542111507
1711,1585,126,1,0.926358854471
1574,1574,0,1,1.0
891,4,887,2,0.995510662177
1663,1600,63,1,0.962116656645
1724,1604,120,2,0.0696055684455
1625,1574,51,1,0.968615384615
1686,1571,115,1,0.931791221827
1727,1585,142,1,0.917776491025
1556,1492,64,1,0.958868894602
792,0,792,2,1.0
841,3,838,2,0.996432818074
844,1,843,2,0.998815165877
1716,1600,116,1,0.932400932401
804,3,801,2,0.996268656716
1646,1616,30,1,0.98177399757
1492,1486,6,1,0.995978552279
1243,660,583,2,0.469026548673
1627,1566,61,1,0.962507682852
740,4,736,2,0.994594594595
1620,1596,24,1,0.985185185185
1683,1565,118,1,0.929887106358
1661,1340,321,2,0.193257074052
1266,694,572,2,0.451816745656
1685,1560,125,1,0.925816023739
1558,1474,84,2,0.0539152759949
1253,599,654,2,0.521947326417
885,0,885,2,1.0
1671,1579,92,1,0.944943147816
963,266,697,2,0.723779854621
1622,1540,82,1,0.94944512947
906,8,898,2,0.991169977925
1649,1555,94,1,0.942995755003
841,27,814,2,0.967895362663
1372,795,577,2,0.42055393586
1629,1569,60,1,0.963167587477
1401,624,777,2,0.55460385439
1707,1590,117,2,0.0685413005272
829,2,827,2,0.997587454765
1676,1555,121,2,0.0721957040573
1673,1563,110,1,0.934249850568
1736,1589,147,1,0.915322580645
1627,1595,32,1,0.980331899201
1582,1518,64,1,0.959544879899
1489,1157,332,2,0.222968435191
832,0,832,2,1.0
1127,504,623,2,0.552795031056
1594,1497,97,1,0.939146800502
1555,1524,31,1,0.980064308682
1752,1587,165,2,0.0941780821918
901,187,714,2,0.792452830189
896,42,854,2,0.953125
1643,1642,1,2,0.000608642726719
1602,1271,331,2,0.206616729089
1594,1531,63,1,0.960476787955
1246,578,668,2,0.536115569823
1732,1730,2,2,0.00115473441109
942,0,942,2,1.0
1603,1518,85,1,0.946974422957
1603,1563,40,2,0.0249532127261
1572,1549,23,1,0.985368956743
1597,1511,86,1,0.94614902943
1723,1557,166,1,0.903656413233
878,18,860,2,0.979498861048
729,0,729,2,1.0
917,0,917,2,1.0
875,1,874,2,0.998857142857
752,5,747,2,0.99335106383
1728,1644,84,2,0.0486111111111
1614,1558,56,1,0.965303593556
1649,1566,83,2,0.050333535476
1570,1539,31,1,0.98025477707
833,4,829,2,0.995198079232
1743,1711,32,2,0.0183591508893
1642,1559,83,2,0.0505481120585
1642,1526,116,1,0.929354445798
1543,1543,0,1,1.0
1669,1669,0,2,0.0
1669,1529,140,1,0.91611743559
1713,1612,101,2,0.0589608873322
960,112,848,2,0.883333333333
1577,1538,39,1,0.975269499049
903,228,675,2,0.747508305648
1517,1515,2,1,0.998681608438
1712,1585,127,1,0.925817757009
1328,826,502,2,0.378012048193
1766,1559,207,2,0.117214043035
972,73,899,2,0.924897119342
1577,1562,15,1,0.990488268865
1488,1488,0,1,1.0
1704,1597,107,1,0.93720657277
1609,1560,49,1,0.969546302051
1605,1557,48,1,0.970093457944
1628,1602,26,1,0.984029484029
1203,450,753,2,0.625935162095
1547,786,761,2,0.491919844861
1827,1606,221,1,0.87903667214
1649,1584,65,1,0.960582171013
1733,1615,118,1,0.931909982689
932,44,888,2,0.952789699571
1576,1537,39,1,0.975253807107
1650,1650,0,2,0.0
1824,1824,0,2,0.0
1740,1672,68,2,0.0390804597701
1754,1627,127,1,0.927594070696
1710,1627,83,1,0.951461988304
1865,1572,293,1,0.842895442359
1388,1070,318,2,0.229106628242
1511,1508,3,1,0.998014559894
1633,1539,94,1,0.942437232088
898,89,809,2,0.900890868597
853,0,853,2,1.0
1623,1594,29,2,0.0178681454097
1668,1627,41,1,0.975419664269
1618,1177,441,2,0.272558714462
1609,1589,20,1,0.987569919204
1622,1528,94,1,0.942046855734
741,8,733,2,0.989203778677
835,2,833,2,0.997604790419
1686,1650,36,1,0.978647686833
1759,1632,127,2,0.072200113701
1583,1531,52,1,0.967150979154
1669,1585,84,1,0.949670461354
827,0,827,2,1.0
1714,1591,123,1,0.928238039673
920,11,909,2,0.988043478261
1591,1526,65,1,0.959145191703
875,90,785,2,0.897142857143
1643,1545,98,1,0.940353012781
1717,1433,284,2,0.165404775772
1480,1464,16,1,0.989189189189
1603,1508,95,1,0.940736119775
915,0,915,2,1.0
1319,770,549,2,0.416224412434
820,1,819,2,0.998780487805
1546,1542,4,1,0.997412677878
1757,1612,145,1,0.917472965282
1625,1610,15,1,0.990769230769
1629,1505,124,1,0.923879680786
848,27,821,2,0.968160377358
896,44,852,2,0.950892857143
824,1,823,2,0.998786407767
1674,1595,79,1,0.952807646356
1900,1578,322,2,0.169473684211
1617,1577,40,1,0.975262832406
1741,1583,158,1,0.909247558874
1604,1574,30,1,0.981296758105
1590,1341,249,2,0.156603773585
1621,1544,77,1,0.952498457742
924,0,924,2,1.0
1597,1597,0,2,0.0
1592,1592,0,2,0.0
1707,1590,117,2,0.0685413005272
1616,1557,59,1,0.96349009901
1570,1564,6,1,0.996178343949
962,126,836,2,0.869022869023
932,78,854,2,0.916309012876
1810,1810,0,2,0.0
1584,1551,33,1,0.979166666667
1722,1623,99,2,0.0574912891986
1677,1545,132,2,0.0787119856887
787,1,786,2,0.99872935197
1493,811,682,2,0.456798392498
1608,1567,41,1,0.974502487562
1841,1647,194,2,0.105377512222
911,86,825,2,0.905598243688
1744,1584,160,1,0.908256880734
1803,1574,229,1,0.872989462008
1637,1607,30,1,0.981673793525
1669,1597,72,1,0.956860395446
1622,1622,0,1,1.0
839,43,796,2,0.948748510131
1579,1574,5,1,0.996833438885
1494,1493,1,1,0.999330655957
1684,1622,62,2,0.0368171021378
776,4,772,2,0.994845360825
1757,1575,182,1,0.896414342629
1601,1601,0,1,1.0
882,1,881,2,0.998866213152
1613,1517,96,1,0.940483570986
1669,1603,66,1,0.960455362493
1625,1588,37,1,0.977230769231
1547,1547,0,1,1.0
1597,1573,24,1,0.984971822167
1707,1408,299,2,0.175161101347
939,85,854,2,0.909478168264
1635,1579,56,1,0.965749235474
1743,1624,119,1,0.931726907631
1748,1606,142,1,0.918764302059
1742,1742,0,2,0.0
971,2,969,2,0.997940267765
1562,1518,44,1,0.971830985915
1726,1557,169,1,0.902085747393
1520,1500,20,1,0.986842105263
1718,1596,122,1,0.928987194412
1113,462,651,2,0.584905660377
849,33,816,2,0.961130742049
901,52,849,2,0.942286348502
1594,1576,18,1,0.988707653701
1726,1645,81,1,0.953070683662
1520,1310,210,2,0.138157894737
1689,1633,56,2,0.0331557134399
1814,1583,231,1,0.872657111356
1611,1571,40,1,0.975170701428
1711,1567,144,1,0.915838690824
1501,1491,10,1,0.993337774817
1580,1576,4,1,0.99746835443
1685,1547,138,2,0.0818991097923
1058,229,829,2,0.783553875236
921,0,921,2,1.0
1689,1598,91,1,0.94612196566
1636,1589,47,1,0.971271393643
1717,1590,127,1,0.926033779849
1676,1577,99,1,0.940930787589
886,49,837,2,0.944695259594
754,0,754,2,1.0
1026,244,782,2,0.762183235867
1506,975,531,2,0.352589641434
1653,1561,92,1,0.944343617665
1855,1545,310,2,0.167115902965
1284,479,805,2,0.626947040498
1627,1569,58,1,0.964351567302
1305,757,548,2,0.419923371648
1690,1624,66,1,0.960946745562
1566,1537,29,1,0.981481481481
1690,1544,146,1,0.913609467456
1609,1477,132,1,0.91796146675
1675,1562,113,1,0.932537313433
1765,1663,102,1,0.942209631728
1550,1530,20,1,0.987096774194
1691,1529,162,1,0.904198698995
1791,1668,123,1,0.931323283082
1591,1533,58,1,0.963544940289
1778,1529,249,1,0.859955005624
1576,1568,8,1,0.994923857868
1549,1525,24,1,0.984506132989
908,1,907,2,0.998898678414
1636,1578,58,1,0.964547677262
731,0,731,2,1.0
877,0,877,2,1.0
1730,1650,80,1,0.953757225434
1554,1542,12,1,0.992277992278
1689,1579,110,1,0.934872705743
885,17,868,2,0.980790960452
1642,1623,19,1,0.988428745432
1717,1395,322,2,0.187536400699
1694,1693,1,2,0.000590318772137
1034,225,809,2,0.782398452611
1730,1700,30,2,0.0173410404624
768,1,767,2,0.998697916667
776,1,775,2,0.998711340206
1638,1612,26,2,0.015873015873
941,5,936,2,0.994686503719
934,39,895,2,0.958244111349
845,0,845,2,1.0
802,0,802,2,1.0
1602,1556,46,1,0.971285892634
1552,1499,53,1,0.965850515464
1673,1673,0,2,0.0
1568,1537,31,1,0.980229591837
1594,1180,414,2,0.259723964868
1646,1538,108,1,0.934386391252
1505,1485,20,1,0.986710963455
1730,1588,142,1,0.917919075145
1583,1195,388,2,0.24510423247
1653,1567,86,1,0.94797338173
1624,1563,61,1,0.962438423645
1789,1789,0,2,0.0
703,0,703,2,1.0
1743,1384,359,2,0.205966724039
1598,1557,41,1,0.974342928661
1671,1555,116,1,0.930580490724
1546,1546,0,1,1.0
1551,1536,15,1,0.990328820116
941,48,893,2,0.948990435707
1785,1576,209,1,0.882913165266
1727,1680,47,1,0.972785176607
946,163,783,2,0.827695560254
1578,1567,11,1,0.993029150824
1797,1428,369,2,0.205342237062
957,67,890,2,0.929989550679
1647,1587,60,1,0.963570127505
870,66,804,2,0.924137931034
1746,1496,250,2,0.143184421535
1620,1541,79,1,0.951234567901
1574,1515,59,1,0.9625158831
893,12,881,2,0.986562150056
1582,1557,25,1,0.98419721871
1798,1798,0,2,0.0
816,5,811,2,0.99387254902
905,3,902,2,0.996685082873
853,5,848,2,0.994138335287
1690,1690,0,2,0.0
883,25,858,2,0.971687429219
1510,1510,0,1,1.0
1625,1554,71,1,0.956307692308
1707,1573,134,2,0.0785002929115
1646,1588,58,1,0.964763061968
1522,1449,73,1,0.952036793693
1609,1532,77,1,0.952144188937
1630,1574,56,1,0.965644171779
1613,1416,197,2,0.12213267204
883,4,879,2,0.995469988675
1597,1569,28,2,0.017532874139
901,0,901,2,1.0
914,1,913,2,0.998905908096
792,0,792,2,1.0
1368,804,564,2,0.412280701754
974,43,931,2,0.955852156057
1751,1529,222,1,0.87321530554
1632,1544,88,1,0.946078431373
1583,1562,21,1,0.986734049274
1681,1606,75,1,0.955383700178
931,11,920,2,0.988184747583
846,12,834,2,0.985815602837
791,9,782,2,0.988621997472
1616,1616,0,2,0.0
813,0,813,2,1.0
1750,1561,189,2,0.108
1500,1484,16,1,0.989333333333
1913,1657,256,1,0.86617877679
1651,1590,61,1,0.963052695336
1638,1104,534,2,0.326007326007
974,63,911,2,0.935318275154
1576,1568,8,1,0.994923857868
1562,1562,0,1,1.0
1543,1490,53,1,0.965651328581
887,82,805,2,0.907553551297
921,161,760,2,0.825190010858
764,129,635,2,0.831151832461
1535,1531,4,1,0.997394136808
1644,1612,32,1,0.980535279805
1455,663,792,2,0.544329896907
1733,1383,350,2,0.201961915753
1649,1613,36,1,0.978168587022
1653,1641,12,1,0.992740471869
1651,1604,47,1,0.971532404603
933,316,617,2,0.661307609861
978,162,816,2,0.834355828221
1608,1580,28,1,0.982587064677
1783,1677,106,1,0.940549635446
843,3,840,2,0.996441281139
1712,1583,129,1,0.92464953271
1557,1545,12,1,0.992292870906
1774,1594,180,1,0.898534385569
1721,1667,54,2,0.0313771063335
1666,1598,68,1,0.959183673469
1642,1583,59,1,0.964068209501
805,0,805,2,1.0
1582,1557,25,1,0.98419721871
1584,1555,29,1,0.981691919192
1629,1590,39,1,0.97605893186
1683,1439,244,2,0.144979203803
1672,1591,81,1,0.951555023923
1575,1558,17,1,0.989206349206
1715,1616,99,1,0.942274052478
1754,1754,0,2,0.0
1723,1642,81,1,0.952988972722
1616,1616,0,2,0.0
1712,1566,146,1,0.914719626168
1694,1580,114,1,0.932703659976
1358,448,910,2,0.670103092784
961,0,961,2,1.0
1578,1533,45,1,0.971482889734
932,7,925,2,0.992489270386
1598,1446,152,2,0.0951188986233
1568,1568,0,1,1.0
